0.222500 0.170000 3.000000 -0.000000 3.140000 0.000000 0.689744 -0.025549
0.206779 0.170031 3.005906 0.001995 3.140316 -0.060425 0.689744 -0.025549
0.191028 0.170065 3.011692 0.004328 3.140851 -0.102302 0.685200 -0.024098
0.175247 0.170101 3.017351 0.006764 3.141524 -0.128598 0.680225 -0.022371
0.159438 0.170138 3.022882 0.009137 3.142266 -0.141973 0.675253 -0.020480
0.143600 0.170175 3.028288 0.011326 3.143026 -0.145364 0.670284 -0.018627
0.127734 0.170210 3.033570 0.013249 3.143767 -0.141676 0.665316 -0.016957
0.111841 0.170242 3.038730 0.014864 3.144466 -0.133498 0.660348 -0.015547
0.095922 0.170270 3.043768 0.016163 3.145109 -0.122969 0.655380 -0.014426
0.079977 0.170295 3.048687 0.017164 3.145693 -0.111653 0.650411 -0.013575
0.064007 0.170314 3.053488 0.017898 3.146219 -0.100594 0.645441 -0.012954
0.048013 0.170329 3.058172 0.018408 3.146692 -0.090453 0.640470 -0.012525
0.031994 0.170339 3.062739 0.018734 3.147119 -0.081622 0.635499 -0.012256
0.015953 0.170343 3.067190 0.018919 3.147507 -0.074267 0.630527 -0.012110
-0.000112 0.170341 3.071526 0.018998 3.147865 -0.068363 0.625554 -0.012048
-0.016198 0.170335 3.075747 0.019007 3.148198 -0.063697 0.620580 -0.012027
-0.032306 0.170322 3.079855 0.018974 3.148511 -0.059867 0.615605 -0.011992
-0.048435 0.170305 3.083850 0.018924 3.148805 -0.056283 0.610629 -0.011886
-0.064584 0.170283 3.087733 0.018876 3.149078 -0.052206 0.605652 -0.011650
-0.080753 0.170256 3.091504 0.018841 3.149323 -0.046829 0.600674 -0.011238
-0.096941 0.170226 3.095164 0.018823 3.149529 -0.039390 0.595695 -0.010622
-0.113148 0.170194 3.098715 0.018815 3.149682 -0.029284 0.590714 -0.009804
-0.129372 0.170159 3.102157 0.018803 3.149767 -0.016149 0.585730 -0.008807
-0.145614 0.170125 3.105490 0.018768 3.149766 0.000118 0.580745 -0.007669
-0.161873 0.170091 3.108716 0.018692 3.149665 0.019445 0.575756 -0.006426
-0.178148 0.170060 3.111835 0.018557 3.149446 0.041747 0.570765 -0.005085
-0.194439 0.170034 3.114847 0.018352 3.149096 0.066904 0.565769 -0.003662
-0.210745 0.170014 3.117754 0.018050 3.148605 0.093955 0.560770 -0.002326
-0.227066 0.170002 3.120555 0.017607 3.147975 0.120374 0.555769 -0.001425
-0.243401 0.170000 3.123251 0.017093 3.147200 0.148326 0.550764 -0.000161
-0.259749 0.170012 3.125836 0.016767 3.146200 0.191129 0.545717 0.003730
-0.276110 0.170044 3.128310 0.016434 3.144913 0.246158 0.540676 0.007761
-0.292484 0.170099 3.130674 0.015935 3.143293 0.309621 0.535629 0.011560
-0.308869 0.170184 3.132921 0.015279 3.141286 0.383706 0.530556 0.016120
-0.325265 0.170304 3.135055 0.014298 3.138869 0.462136 0.525504 0.019865
-0.341671 0.170464 3.137070 0.013032 3.136016 0.545653 0.520437 0.023902
-0.358087 0.170669 3.138962 0.011475 3.132703 0.633433 0.515369 0.027966
-0.374511 0.170928 3.140729 0.009612 3.128918 0.723655 0.510307 0.031825
-0.390943 0.171245 3.142368 0.007445 3.124656 0.814889 0.505255 0.035479
-0.407381 0.171628 3.143873 0.004995 3.119917 0.906104 0.500214 0.038954
-0.423824 0.172082 3.145242 0.002291 3.114705 0.996577 0.495186 0.042277
-0.440271 0.172614 3.146471 -0.000637 3.109026 1.085843 0.490173 0.045482
-0.456722 0.173232 3.147555 -0.003757 3.102888 1.173597 0.485175 0.048592
-0.473173 0.173940 3.148489 -0.007044 3.096301 1.259592 0.480194 0.051617
-0.489624 0.174747 3.149272 -0.010474 3.089274 1.343588 0.475233 0.054554
-0.506073 0.175658 3.149899 -0.014027 3.081819 1.425336 0.470295 0.057396
-0.522518 0.176679 3.150367 -0.017688 3.073950 1.504586 0.465383 0.060133
-0.538957 0.177817 3.150674 -0.021440 3.065681 1.581107 0.460502 0.062759
-0.555388 0.179077 3.150818 -0.025268 3.057027 1.654699 0.455654 0.065272
-0.571809 0.180466 3.150798 -0.029158 3.048004 1.725208 0.450844 0.067670
-0.588217 0.181987 3.150612 -0.033094 3.038629 1.792532 0.446076 0.069960
-0.604610 0.183647 3.150261 -0.037061 3.028919 1.856632 0.441354 0.072151
-0.620986 0.185450 3.149743 -0.041045 3.018890 1.917533 0.436681 0.074259
-0.637341 0.187401 3.149060 -0.045032 3.008559 1.975321 0.432061 0.076302
-0.653673 0.189505 3.148211 -0.049009 2.997942 2.030143 0.427495 0.078305
-0.669980 0.191764 3.147196 -0.052963 2.987052 2.082193 0.422984 0.080293
-0.686257 0.194185 3.146016 -0.056886 2.975903 2.131709 0.418528 0.082295
-0.702502 0.196769 3.144671 -0.060768 2.964507 2.178957 0.414125 0.084337
-0.718713 0.199521 3.143162 -0.064604 2.952874 2.224215 0.409772 0.086447
-0.734885 0.202444 3.141487 -0.068390 2.941014 2.267765 0.405464 0.088649
-0.751015 0.205541 3.139647 -0.072126 2.928933 2.309873 0.401195 0.090962
-0.767099 0.208815 3.137641 -0.075813 2.916639 2.350785 0.396958 0.093401
-0.783136 0.212269 3.135467 -0.079454 2.904135 2.390710 0.392745 0.095975
-0.799119 0.215904 3.133125 -0.083054 2.891427 2.429821 0.388547 0.098689
-0.815047 0.219725 3.130613 -0.086620 2.878519 2.468245 0.384355 0.101541
-0.830915 0.223732 3.127929 -0.090159 2.865412 2.506066 0.380161 0.104522
-0.846718 0.227928 3.125071 -0.093677 2.852110 2.543324 0.375955 0.107619
-0.862455 0.232315 3.122038 -0.097182 2.838617 2.580017 0.371730 0.110814
-0.878119 0.236893 3.118828 -0.100680 2.824934 2.616109 0.367483 0.114085
-0.893708 0.241666 3.115439 -0.104176 2.811067 2.651534 0.363209 0.117407
-0.909216 0.246634 3.111870 -0.107676 2.797018 2.686205 0.358909 0.120753
-0.924641 0.251797 3.108120 -0.111180 2.782792 2.720018 0.354587 0.124094
-0.939977 0.257158 3.104189 -0.114690 2.768395 2.752861 0.350249 0.127403
-0.955220 0.262716 3.100078 -0.118205 2.753831 2.784619 0.345907 0.130652
-0.970367 0.268473 3.095786 -0.121722 2.739108 2.815178 0.341573 0.133815
-0.985412 0.274427 3.091317 -0.125235 2.724232 2.844430 0.337265 0.136866
-1.000352 0.280581 3.086673 -0.128740 2.709210 2.872276 0.333006 0.139784
-1.015182 0.286932 3.081857 -0.132227 2.694050 2.898624 0.328818 0.142546
-1.029898 0.293482 3.076874 -0.135688 2.678760 2.923393 0.324728 0.145135
-1.044495 0.300230 3.071731 -0.139113 2.663350 2.946514 0.320767 0.147534
-1.058970 0.307174 3.066433 -0.142489 2.647828 2.967927 0.316965 0.149730
-1.073319 0.314315 3.060988 -0.145806 2.632203 2.987582 0.313354 0.151711
-1.087536 0.321652 3.055406 -0.149050 2.616484 3.005440 0.309965 0.153471
-1.101619 0.329182 3.049696 -0.152208 2.600682 3.021470 0.306832 0.155005
-1.115563 0.336905 3.043869 -0.155265 2.584806 3.035650 0.303983 0.156311
-1.129365 0.344820 3.037937 -0.158208 2.568865 3.047966 0.301447 0.157389
-1.143020 0.352925 3.031911 -0.161022 2.552869 3.058413 0.299250 0.158246
-1.156525 0.361219 3.025806 -0.163693 2.536829 3.066994 0.297414 0.158889
-1.169876 0.369699 3.019634 -0.166207 2.520753 3.073724 0.295957 0.159330
-1.183070 0.378363 3.013410 -0.168550 2.504652 3.078623 0.294895 0.159585
-1.196104 0.387210 3.007148 -0.170709 2.488535 3.081730 0.294238 0.159674
-1.208974 0.396238 3.000863 -0.172670 2.472410 3.083092 0.293991 0.159621
-1.221677 0.405444 2.994568 -0.174422 2.456287 3.082768 0.294153 0.159446
-1.234210 0.414826 2.988278 -0.175955 2.440175 3.080831 0.294720 0.159174
-1.246570 0.424382 2.982007 -0.177257 2.424080 3.077368 0.295684 0.158835
-1.258754 0.434110 2.975768 -0.178322 2.408011 3.072491 0.297036 0.158472
-1.270760 0.444006 2.969572 -0.179142 2.391974 3.066339 0.298759 0.158132
-1.282586 0.454069 2.963433 -0.179712 2.375975 3.059067 0.300833 0.157848
-1.294228 0.464295 2.957358 -0.180032 2.360019 3.050765 0.303018 0.157472
-1.305684 0.474683 2.951403 -0.180124 2.344122 3.039643 0.306240 0.154435
-1.316953 0.485229 2.945568 -0.179964 2.328296 3.026076 0.309233 0.151564
-1.328032 0.495931 2.939854 -0.179534 2.312551 3.010434 0.312002 0.148867
-1.338921 0.506785 2.934260 -0.178822 2.296897 2.993091 0.314553 0.146362
-1.349617 0.517789 2.928786 -0.177825 2.281341 2.974411 0.316891 0.144051
-1.360118 0.528940 2.923430 -0.176541 2.265888 2.954747 0.319023 0.141931
-1.370424 0.540235 2.918192 -0.174977 2.250541 2.934436 0.320953 0.139999
-1.380532 0.551670 2.913069 -0.173144 2.235301 2.913803 0.322688 0.138250
-1.390441 0.563243 2.908060 -0.171056 2.220170 2.893156 0.324236 0.136681
-1.400150 0.574949 2.903162 -0.168733 2.205146 2.872783 0.325603 0.135282
-1.409659 0.586787 2.898373 -0.166198 2.190225 2.852946 0.326794 0.134040
-1.418965 0.598752 2.893689 -0.163475 2.175404 2.833882 0.327814 0.132940
-1.428068 0.610842 2.889106 -0.160592 2.160677 2.815796 0.328667 0.131968
-1.436967 0.623052 2.884621 -0.157580 2.146039 2.798861 0.329356 0.131107
-1.445662 0.635379 2.880228 -0.154467 2.131483 2.783216 0.329886 0.130340
-1.454151 0.647821 2.875925 -0.151286 2.117001 2.768963 0.330258 0.129650
-1.462434 0.660373 2.871706 -0.148065 2.102586 2.756166 0.330474 0.129020
-1.470511 0.673033 2.867566 -0.144835 2.088231 2.744850 0.330537 0.128430
-1.478381 0.685796 2.863499 -0.141622 2.073927 2.734998 0.330448 0.127863
-1.486043 0.698659 2.859502 -0.138451 2.059667 2.726560 0.330209 0.127301
-1.493498 0.711619 2.855568 -0.135346 2.045444 2.719446 0.329820 0.126729
-1.500746 0.724673 2.851693 -0.132326 2.031252 2.713538 0.329284 0.126131
-1.507785 0.737816 2.847873 -0.129407 2.017086 2.708687 0.328601 0.125492
-1.514616 0.751046 2.844100 -0.126602 2.002940 2.704723 0.327773 0.124802
-1.521239 0.764359 2.840373 -0.123920 1.988811 2.701458 0.326800 0.124048
-1.527653 0.777752 2.836685 -0.121367 1.974697 2.698691 0.325684 0.123223
-1.533859 0.791220 2.833032 -0.118946 1.960596 2.696214 0.324425 0.122318
-1.539856 0.804762 2.829410 -0.116657 1.946507 2.693821 0.323024 0.121328
-1.545645 0.818373 2.825816 -0.114496 1.932432 2.691303 0.321482 0.120250
-1.551226 0.832051 2.822245 -0.112457 1.918371 2.688462 0.319802 0.119079
-1.556598 0.845791 2.818695 -0.110532 1.904328 2.685106 0.317984 0.117814
-1.561763 0.859590 2.815162 -0.108712 1.890306 2.681053 0.316032 0.116451
-1.566719 0.873446 2.811643 -0.106986 1.876310 2.676132 0.313948 0.114988
-1.571468 0.887355 2.808137 -0.105343 1.862345 2.670177 0.311737 0.113423
-1.576010 0.901312 2.804641 -0.103768 1.848417 2.663030 0.309402 0.111749
-1.580346 0.915317 2.801153 -0.102250 1.834534 2.654537 0.306949 0.109963
-1.584475 0.929363 2.797673 -0.100776 1.820703 2.644538 0.304382 0.108055
-1.588399 0.943450 2.794199 -0.099331 1.806933 2.632869 0.301708 0.106017
-1.592118 0.957573 2.790732 -0.097904 1.793234 2.619351 0.298933 0.103835
-1.595634 0.971729 2.787272 -0.096483 1.779616 2.603784 0.296062 0.101496
-1.598947 0.985915 2.783820 -0.095054 1.766092 2.585938 0.293102 0.098980
-1.602059 1.000128 2.780377 -0.093607 1.752674 2.565545 0.290059 0.096266
-1.604971 1.014365 2.776945 -0.092130 1.739378 2.542280 0.286940 0.093327
-1.607684 1.028622 2.773526 -0.090613 1.726221 2.515752 0.283751 0.090131
-1.610202 1.042897 2.770126 -0.089044 1.713221 2.485484 0.280498 0.086642
-1.612525 1.057187 2.766746 -0.087416 1.700403 2.450887 0.277185 0.082815
-1.614657 1.071488 2.763393 -0.085717 1.687793 2.411231 0.273817 0.078598
-1.616602 1.085799 2.760073 -0.083938 1.675420 2.365610 0.270396 0.073931
-1.618361 1.100115 2.756790 -0.082070 1.663324 2.312902 0.266924 0.068745
-1.619940 1.114436 2.753553 -0.080105 1.651547 2.251717 0.263399 0.062964
-1.621344 1.128757 2.750369 -0.078033 1.640144 2.180367 0.259815 0.056509
-1.622579 1.143078 2.747246 -0.075845 1.629178 2.096844 0.256163 0.049307
-1.623650 1.157395 2.744189 -0.073529 1.618723 1.998889 0.252431 0.041311
-1.624567 1.171707 2.741204 -0.071068 1.608869 1.884193 0.248601 0.032529
-1.625339 1.186012 2.738292 -0.068433 1.599712 1.750865 0.244657 0.023072
-1.625976 1.200308 2.735449 -0.065576 1.591353 1.598321 0.240582 0.013231
-1.626490 1.214595 2.732665 -0.062411 1.583880 1.428830 0.236363 0.003609
-1.626890 1.228870 2.729920 -0.058791 1.577343 1.249946 0.231987 -0.004671
-1.627188 1.243133 2.727187 -0.054494 1.571710 1.077078 0.227447 -0.009828
-1.627390 1.257382 2.724434 -0.049288 1.566830 0.932979 0.222754 -0.009828
-1.627495 1.271618 2.721613 -0.043010 1.562411 0.845017 0.217921 -0.002629
-1.627500 1.285838 2.718653 -0.035646 1.558011 0.841194 0.212918 0.013788
-1.627394 1.300040 2.715462 -0.027660 1.553133 0.932689 0.207724 0.038428
-1.627161 1.314221 2.711870 -0.019426 1.547210 1.132550 0.201956 0.075790
-1.626787 1.328378 2.707790 -0.012331 1.539866 1.404210 0.194968 0.114787
-1.626262 1.342506 2.703206 -0.007298 1.530915 1.711536 0.187105 0.150748
-1.625574 1.356601 2.698102 -0.004651 1.520295 2.030609 0.178170 0.183450
-1.624713 1.370656 2.692457 -0.004399 1.508029 2.345267 0.167755 0.212663
-1.623672 1.384666 2.686226 -0.006372 1.494192 2.645665 0.155519 0.238983
-1.622439 1.398625 2.679353 -0.010327 1.478888 2.926180 0.141108 0.262828
-1.621009 1.412525 2.671778 -0.016018 1.462239 3.183512 0.124172 0.283614
-1.619372 1.426359 2.663427 -0.023185 1.444366 3.417400 0.104693 0.302588
-1.617525 1.440118 2.654238 -0.031610 1.425389 3.628437 0.082729 0.319146
-1.615460 1.453794 2.644168 -0.041105 1.405422 3.817758 0.058617 0.332602
-1.613175 1.467377 2.633166 -0.051488 1.384564 3.988126 0.033143 0.345118
-1.610666 1.480859 2.621225 -0.062629 1.362904 4.141417 0.007173 0.354881
-1.607924 1.494266 2.615627 -0.073930 1.340853 4.216261 -0.031274 0.357515
-1.604950 1.507587 2.608210 -0.085287 1.318416 4.290112 -0.072851 0.363946
-1.601743 1.520806 2.599089 -0.096740 1.295595 4.363421 -0.111435 0.368944
-1.598305 1.533911 2.588403 -0.108322 1.272394 4.436266 -0.146315 0.372419
-1.594636 1.546892 2.576308 -0.120056 1.248815 4.508420 -0.176950 0.374274
-1.590741 1.559736 2.562974 -0.131955 1.224864 4.579460 -0.202983 0.374519
-1.586620 1.572434 2.548570 -0.144019 1.200551 4.648861 -0.224263 0.373255
-1.582277 1.584978 2.533263 -0.156239 1.175886 4.716063 -0.240855 0.370585
-1.577715 1.597359 2.517207 -0.168597 1.150883 4.780517 -0.253018 0.366587
-1.572937 1.609569 2.500544 -0.181065 1.125561 4.841733 -0.261151 0.361366
-1.567948 1.621604 2.483397 -0.193609 1.099938 4.899321 -0.265743 0.355056
-1.562749 1.633455 2.465870 -0.206191 1.074034 4.952999 -0.267319 0.347818
-1.557346 1.645119 2.448049 -0.218769 1.047870 5.002604 -0.266400 0.339820
-1.551743 1.656590 2.430005 -0.231299 1.021468 5.048080 -0.263470 0.331234
-1.545942 1.667863 2.411793 -0.243737 0.994851 5.089464 -0.258960 0.322220
-1.539948 1.678934 2.393457 -0.256038 0.968037 5.126864 -0.253236 0.312926
-1.533766 1.689798 2.375030 -0.268162 0.941048 5.160449 -0.246596 0.303482
-1.527400 1.700453 2.356539 -0.280067 0.913902 5.190421 -0.239277 0.293996
-1.520854 1.710893 2.338006 -0.291717 0.886617 5.217003 -0.231454 0.284559
-1.514133 1.721115 2.319447 -0.303077 0.859210 5.240427 -0.223254 0.275240
-1.507241 1.731115 2.300879 -0.314115 0.831695 5.260922 -0.214763 0.266090
-1.500183 1.740890 2.282317 -0.324805 0.804087 5.278702 -0.206035 0.257144
-1.492964 1.750437 2.263774 -0.335119 0.776400 5.293965 -0.197095 0.248423
-1.485590 1.759752 2.245266 -0.345035 0.748645 5.306885 -0.187952 0.239937
-1.478064 1.768831 2.226807 -0.354533 0.720834 5.317615 -0.178606 0.231685
-1.470393 1.777673 2.208416 -0.363596 0.692977 5.326281 -0.169049 0.223665
-1.462581 1.786273 2.190107 -0.372207 0.665086 5.332994 -0.159275 0.215873
-1.454635 1.794630 2.171900 -0.380353 0.637169 5.337844 -0.149288 0.208304
-1.446558 1.802740 2.153810 -0.388021 0.609236 5.340914 -0.139102 0.200963
-1.438357 1.810601 2.135856 -0.395202 0.581296 5.342285 -0.128745 0.193857
-1.430038 1.818211 2.118054 -0.401885 0.553357 5.342038 -0.118264 0.187006
-1.421605 1.825567 2.100415 -0.408065 0.525427 5.340267 -0.107716 0.180432
-1.413064 1.832668 2.082954 -0.413734 0.497514 5.337076 -0.097170 0.174166
-1.404422 1.839511 2.065679 -0.418887 0.469625 5.332579 -0.086697 0.168238
-1.395683 1.846094 2.048597 -0.423523 0.441765 5.326902 -0.076358 0.162675
-1.386854 1.852415 2.031715 -0.427638 0.413941 5.320166 -0.066201 0.157494
-1.377941 1.858474 2.015038 -0.431233 0.386157 5.312484 -0.056250 0.152699
-1.368950 1.864268 1.998571 -0.434306 0.358417 5.303942 -0.046502 0.148276
-1.359886 1.869795 1.982322 -0.436859 0.330726 5.294585 -0.036889 0.144219
-1.350756 1.875055 1.966299 -0.438893 0.303089 5.284386 -0.027460 0.140282
-1.341566 1.880047 1.950512 -0.440406 0.275509 5.273354 -0.017983 0.136930
-1.332322 1.884769 1.934979 -0.441399 0.247993 5.261320 -0.008378 0.133670
-1.323052 1.889215 1.915431 -0.442254 0.220311 5.292822 0.001829 0.132601
-1.313762 1.893386 1.896050 -0.442938 0.192466 5.324030 0.009736 0.130247
-1.304458 1.897281 1.876914 -0.443448 0.164464 5.354192 0.020135 0.127320
-1.295146 1.900901 1.857986 -0.443779 0.136306 5.383968 0.029165 0.125373
-1.285833 1.904246 1.839247 -0.443935 0.107992 5.413690 0.037242 0.123583
-1.276525 1.907316 1.820748 -0.443916 0.079526 5.442936 0.046923 0.121642
-1.267228 1.910114 1.802529 -0.443721 0.050911 5.471326 0.057708 0.119293
-1.257949 1.912639 1.784623 -0.443348 0.022153 5.498616 0.069340 0.116866
-1.248691 1.914892 1.767061 -0.442791 -0.006740 5.524550 0.081739 0.114318
-1.239463 1.916875 1.749874 -0.442044 -0.035761 5.548885 0.094797 0.111695
-1.230268 1.918590 1.733088 -0.441099 -0.064899 5.571380 0.108435 0.109043
-1.221113 1.920036 1.716730 -0.439945 -0.094144 5.591782 0.122600 0.106398
-1.212003 1.921217 1.700829 -0.438570 -0.123484 5.609808 0.137272 0.103784
-1.202943 1.922133 1.685411 -0.436961 -0.152903 5.625127 0.152461 0.101210
-1.193939 1.922786 1.670509 -0.435097 -0.182387 5.637347 0.168200 0.098681
-1.184994 1.923178 1.656154 -0.432958 -0.211915 5.645995 0.184538 0.096192
-1.176115 1.923310 1.642386 -0.430518 -0.241467 5.650513 0.201532 0.093740
-1.167307 1.923185 1.629244 -0.427743 -0.271018 5.650241 0.219241 0.091323
-1.158573 1.922803 1.616772 -0.424597 -0.300538 5.644420 0.237713 0.088945
-1.149918 1.922166 1.605021 -0.421033 -0.329995 5.632183 0.256990 0.086618
-1.141346 1.921276 1.594040 -0.416997 -0.359348 5.612561 0.277094 0.084366
-1.132863 1.920133 1.583886 -0.412430 -0.388555 5.584488 0.298034 0.082221
-1.124472 1.918741 1.574616 -0.407258 -0.417565 5.546816 0.319800 0.080230
-1.116176 1.917098 1.566290 -0.401403 -0.446321 5.498337 0.342371 0.078453
-1.107981 1.915208 1.558969 -0.394777 -0.474761 5.437812 0.365712 0.076961
-1.099889 1.913069 1.552716 -0.387284 -0.502815 5.364018 0.389779 0.075841
-1.091905 1.910684 1.547592 -0.378823 -0.530407 5.275794 0.414523 0.075194
-1.084033 1.908052 1.543501 -0.369308 -0.557465 5.173566 0.434036 0.074275
-1.076277 1.905175 1.540464 -0.358647 -0.583912 5.056865 0.452970 0.074028
-1.068642 1.902055 1.538503 -0.346754 -0.609672 4.925433 0.471443 0.074649
-1.061132 1.898691 1.537631 -0.333549 -0.634668 4.779284 0.489402 0.076263
-1.053751 1.895087 1.537856 -0.318966 -0.658824 4.618721 0.506816 0.078997
-1.046503 1.891242 1.539175 -0.302948 -0.682068 4.444321 0.523674 0.082983
-1.039392 1.887159 1.541580 -0.285451 -0.704332 4.256913 0.539983 0.088355
-1.032422 1.882840 1.545052 -0.266445 -0.725553 4.057561 0.555769 0.095272
-1.025596 1.878286 1.549560 -0.245914 -0.745675 3.847571 0.571058 0.103880
-1.018917 1.873501 1.555066 -0.223865 -0.764653 3.628564 0.585870 0.114291
-1.012386 1.868486 1.561518 -0.200337 -0.782449 3.402748 0.600206 0.126587
-1.006006 1.863245 1.568853 -0.175427 -0.799046 3.173472 0.614044 0.140767
-0.999778 1.857782 1.576993 -0.149346 -0.814456 2.946392 0.627341 0.156979
-0.993701 1.852102 1.585843 -0.122490 -0.828739 2.730952 0.639989 0.175096
-0.987772 1.846210 1.595295 -0.095525 -0.842032 2.541632 0.651807 0.194774
-0.981986 1.840116 1.605231 -0.069392 -0.854568 2.396986 0.662580 0.215590
-0.976337 1.833829 1.615537 -0.045129 -0.866671 2.314248 0.672107 0.236924
-0.970815 1.827360 1.626120 -0.023576 -0.878710 2.301771 0.680289 0.257981
-0.965412 1.820719 1.636913 -0.005170 -0.891029 2.355530 0.687182 0.277934
-0.960122 1.813915 1.647873 0.010050 -0.903906 2.462114 0.692940 0.296116
-0.954942 1.806954 1.658975 0.022295 -0.917527 2.604357 0.697731 0.312005
-0.949867 1.799842 1.670201 0.031895 -0.931992 2.765791 0.701702 0.325288
-0.944899 1.792582 1.681537 0.039210 -0.947330 2.932818 0.704970 0.335830
-0.940038 1.785178 1.692968 0.044582 -0.963519 3.095258 0.707638 0.343643
-0.935286 1.777631 1.704478 0.048321 -0.980496 3.246141 0.709796 0.348906
-0.930646 1.769944 1.716049 0.050702 -0.998179 3.381067 0.711520 0.351807
-0.926121 1.762119 1.727666 0.051962 -1.016471 3.497606 0.712866 0.352584
-0.921714 1.754156 1.739310 0.052306 -1.035272 3.594745 0.713866 0.351471
-0.917430 1.746058 1.750965 0.051907 -1.054478 3.672304 0.714518 0.348599
-0.913270 1.737827 1.762616 0.050916 -1.073991 3.730865 0.714835 0.344268
-0.909239 1.729465 1.774249 0.049461 -1.093715 3.771347 0.714813 0.338641
-0.905339 1.720975 1.785850 0.047653 -1.113562 3.794934 0.714454 0.331932
-0.901574 1.712358 1.797408 0.045586 -1.133451 3.802908 0.713765 0.324306
-0.897945 1.703618 1.808912 0.043343 -1.153308 3.796696 0.712761 0.315987
-0.894455 1.694758 1.820352 0.040993 -1.173066 3.777744 0.711434 0.307138
-0.891106 1.685780 1.831720 0.038588 -1.192663 3.747120 0.709730 0.297713
-0.887899 1.676688 1.843008 0.036174 -1.212045 3.705989 0.707670 0.287905
-0.884835 1.667486 1.854209 0.033791 -1.231164 3.655577 0.705293 0.277876
-0.881914 1.658176 1.865319 0.031465 -1.249975 3.596771 0.702586 0.267598
-0.879138 1.648763 1.876332 0.029216 -1.268439 3.530355 0.699550 0.257125
-0.876506 1.639249 1.887242 0.027062 -1.286520 3.457135 0.696195 0.246561
-0.874017 1.629638 1.898046 0.025011 -1.304185 3.377759 0.692504 0.235920
-0.871670 1.619935 1.908737 0.023071 -1.321407 3.292921 0.688471 0.225287
-0.869464 1.610141 1.919308 0.021251 -1.338161 3.203337 0.684089 0.214731
-0.867397 1.600262 1.929751 0.019555 -1.354425 3.109773 0.679358 0.204326
-0.865467 1.590300 1.940060 0.017986 -1.370183 3.013042 0.674285 0.194140
-0.863672 1.580260 1.950225 0.016550 -1.385423 2.914007 0.668878 0.184236
-0.862010 1.570143 1.960238 0.015246 -1.400138 2.813575 0.663147 0.174679
-0.860477 1.559954 1.970090 0.014078 -1.414326 2.712729 0.657097 0.165536
-0.859071 1.549695 1.979772 0.013047 -1.427990 2.612548 0.650732 0.156887
-0.857789 1.539370 1.989274 0.012158 -1.441139 2.514225 0.644049 0.148815
-0.856628 1.528982 1.998584 0.011413 -1.453791 2.419019 0.637044 0.141401
-0.855585 1.518534 2.007692 0.010813 -1.465967 2.328133 0.629714 0.134688
-0.854659 1.508028 2.016588 0.010348 -1.477695 2.242449 0.622054 0.128647
-0.853845 1.497467 2.025264 0.009995 -1.489003 2.162140 0.614066 0.123119
-0.853143 1.486853 2.033714 0.009706 -1.499913 2.086124 0.605757 0.117756
-0.852547 1.476191 2.041938 0.009398 -1.510432 2.011331 0.597143 0.111939
-0.852055 1.465481 2.049944 0.008932 -1.520535 1.931612 0.588251 0.104662
-0.851660 1.454726 2.057748 0.008087 -1.530136 1.835743 0.579117 0.094301
-0.851351 1.443928 2.065379 0.006469 -1.539043 1.703076 0.569785 0.078069
-0.851109 1.433090 2.072864 0.003334 -1.546858 1.494241 0.560286 0.050898
-0.850901 1.422213 2.080148 -0.002499 -1.552843 1.144425 0.550537 0.005112
-0.850683 1.411300 2.086957 -0.011005 -1.556124 0.627348 0.540073 -0.058847
-0.850420 1.400356 2.093036 -0.019733 -1.556218 0.017989 0.528464 -0.125052
-0.850085 1.389386 2.098324 -0.026874 -1.553028 -0.609931 0.515802 -0.185542
-0.849653 1.378395 2.102833 -0.031820 -1.546677 -1.214439 0.502180 -0.239307
-0.849105 1.367390 2.106567 -0.034560 -1.537397 -1.774232 0.487378 -0.286983
-0.848420 1.356377 2.109503 -0.035309 -1.525473 -2.279996 0.470702 -0.329372
-0.847583 1.345364 2.111573 -0.034342 -1.511197 -2.729651 0.450957 -0.367198
-0.846578 1.334359 2.112662 -0.031930 -1.494850 -3.125544 0.426545 -0.401114
-0.845393 1.323373 2.112607 -0.028313 -1.476689 -3.472612 0.395701 -0.431701
-0.844015 1.312417 2.111206 -0.023697 -1.456934 -3.777141 0.356835 -0.459453
-0.842436 1.301504 2.108231 -0.018250 -1.435774 -4.045939 0.308908 -0.484774
-0.840649 1.290649 2.103453 -0.012103 -1.413359 -4.285763 0.251749 -0.507977
-0.838647 1.279868 2.096669 -0.005352 -1.389809 -4.502903 0.186217 -0.529250
-0.836428 1.269177 2.087723 0.001935 -1.365213 -4.702909 0.114185 -0.548679
-0.833990 1.258594 2.076526 0.009719 -1.339636 -4.890419 0.038330 -0.566236
-0.831326 1.248112 2.067763 0.017850 -1.313334 -5.029107 -0.043586 -0.577376
-0.828440 1.237752 2.056111 0.026262 -1.286295 -5.169994 -0.130237 -0.590434
-0.825333 1.227534 2.041838 0.035003 -1.258508 -5.312969 -0.209022 -0.601429
-0.822010 1.217474 2.025279 0.044110 -1.229967 -5.457191 -0.277503 -0.610049
-0.818475 1.207588 2.006800 0.053601 -1.200672 -5.601371 -0.334212 -0.616080
-0.814733 1.197888 1.986772 0.063479 -1.170630 -5.744024 -0.378654 -0.619401
-0.810789 1.188387 1.965547 0.073729 -1.139859 -5.883672 -0.411169 -0.620002
-0.806649 1.179094 1.943438 0.084320 -1.108379 -6.018982 -0.432714 -0.617979
-0.802319 1.170016 1.920717 0.095211 -1.076221 -6.148837 -0.444618 -0.613513
-0.797805 1.161160 1.897605 0.106348 -1.043417 -6.272368 -0.448367 -0.606833
-0.793113 1.152531 1.874283 0.117671 -1.010002 -6.388940 -0.445430 -0.598190
-0.788248 1.144135 1.850892 0.129117 -0.976017 -6.498126 -0.437148 -0.587846
-0.783217 1.135975 1.827538 0.140617 -0.941501 -6.599673 -0.424674 -0.576054
-0.778026 1.128055 1.804307 0.152107 -0.906494 -6.693464 -0.408952 -0.563050
-0.772680 1.120378 1.781261 0.163519 -0.871037 -6.779488 -0.390725 -0.549044
-0.767186 1.112946 1.758452 0.174792 -0.835171 -6.857815 -0.370560 -0.534214
-0.761551 1.105762 1.735920 0.185866 -0.798935 -6.928572 -0.348879 -0.518712
-0.755779 1.098828 1.713699 0.196686 -0.762367 -6.991938 -0.325989 -0.502670
-0.749879 1.092146 1.691821 0.207205 -0.725505 -7.048129 -0.302112 -0.486204
-0.743854 1.085718 1.670313 0.217378 -0.688386 -7.097399 -0.277408 -0.469420
-0.737713 1.079546 1.649201 0.227168 -0.651043 -7.140033 -0.251999 -0.452420
-0.731462 1.073631 1.628510 0.236544 -0.613511 -7.176348 -0.225981 -0.435298
-0.725106 1.067974 1.608263 0.245482 -0.575820 -7.206688 -0.199439 -0.418148
-0.718652 1.062576 1.588482 0.253961 -0.538000 -7.231429 -0.172451 -0.401062
-0.712107 1.057439 1.569187 0.261969 -0.500077 -7.250965 -0.145100 -0.384128
-0.705478 1.052562 1.550395 0.269497 -0.462077 -7.265715 -0.117467 -0.367435
-0.698769 1.047947 1.532122 0.276543 -0.424023 -7.276111 -0.089639 -0.351066
-0.691989 1.043594 1.514382 0.283107 -0.385935 -7.282595 -0.061707 -0.335095
-0.685143 1.039503 1.497184 0.289194 -0.347832 -7.285612 -0.033756 -0.319602
-0.678238 1.035675 1.480535 0.294813 -0.309728 -7.285604 -0.005874 -0.304646
-0.671292 1.032112 1.462230 0.300109 -0.271517 -7.306097 0.027507 -0.292042
-0.664309 1.028813 1.444885 0.305066 -0.233230 -7.320723 0.062928 -0.278195
-0.657293 1.025777 1.428495 0.309689 -0.194894 -7.330000 0.097285 -0.264476
-0.650249 1.023003 1.413048 0.313990 -0.156535 -7.334364 0.130216 -0.250562
-0.643182 1.020489 1.398547 0.317975 -0.118177 -7.334170 0.162639 -0.237197
-0.636095 1.018234 1.384992 0.321651 -0.079843 -7.329712 0.194471 -0.224402
-0.628995 1.016238 1.372379 0.325023 -0.041553 -7.321207 0.225647 -0.212187
-0.621884 1.014498 1.360702 0.328094 -0.003328 -7.308774 0.256118 -0.200554
-0.614768 1.013014 1.349955 0.330865 0.034811 -7.292426 0.285855 -0.189499
-0.607650 1.011786 1.340130 0.333333 0.072844 -7.272043 0.314845 -0.179011
-0.600537 1.010812 1.331220 0.335485 0.110748 -7.247362 0.343089 -0.169078
-0.593432 1.010091 1.323220 0.337306 0.148498 -7.217953 0.370600 -0.159687
-0.586339 1.009623 1.316126 0.338769 0.186066 -7.183207 0.397397 -0.150829
-0.579265 1.009408 1.309938 0.339836 0.223420 -7.142311 0.423506 -0.142497
-0.572213 1.009445 1.304660 0.340459 0.260523 -7.094240 0.448952 -0.134696
-0.565189 1.009734 1.300299 0.340574 0.297330 -7.037741 0.473757 -0.127437
-0.558198 1.010276 1.296867 0.340102 0.333790 -6.971334 0.497937 -0.120746
-0.551245 1.011070 1.294383 0.338947 0.369843 -6.893327 0.521500 -0.114661
-0.544337 1.012117 1.292869 0.336998 0.405416 -6.801847 0.544447 -0.109240
-0.537478 1.013418 1.292353 0.334125 0.440431 -6.694910 0.566768 -0.104559
-0.530674 1.014973 1.292866 0.330188 0.474794 -6.570522 0.588445 -0.100716
-0.523933 1.016784 1.294443 0.325037 0.508407 -6.426813 0.609458 -0.097829
-0.517261 1.018851 1.297120 0.318520 0.541158 -6.262207 0.629783 -0.096025
-0.510663 1.021174 1.300931 0.310493 0.572933 -6.075592 0.649404 -0.095423
-0.504147 1.023756 1.305905 0.300825 0.603615 -5.866483 0.668319 -0.096163
-0.497719 1.026595 1.312067 0.289405 0.633087 -5.635143 0.686557 -0.098424
-0.491386 1.029693 1.319429 0.276151 0.661238 -5.382604 0.704172 -0.102402
-0.485154 1.033049 1.327992 0.261007 0.687966 -5.110617 0.721237 -0.108349
-0.479028 1.036661 1.337744 0.243943 0.713182 -4.821387 0.737809 -0.116292
-0.473013 1.040529 1.348618 0.224972 0.736807 -4.517204 0.752173 -0.124969
-0.467115 1.044650 1.360560 0.204109 0.758778 -4.200912 0.765769 -0.135917
-0.461337 1.049022 1.373500 0.181397 0.779049 -3.875871 0.778712 -0.149347
-0.455682 1.053642 1.387357 0.156956 0.797597 -3.546565 0.791027 -0.164963
-0.450151 1.058505 1.402027 0.131053 0.814443 -3.220925 0.802730 -0.182923
-0.444744 1.063605 1.417390 0.104265 0.829679 -2.913321 0.813723 -0.202753
-0.439457 1.068935 1.433301 0.077612 0.843527 -2.647654 0.823864 -0.224360
-0.434283 1.074483 1.449609 0.052486 0.856355 -2.452909 0.832824 -0.246905
-0.429210 1.080235 1.466176 0.030177 0.868642 -2.349259 0.840293 -0.269229
-0.424227 1.086179 1.482900 0.011381 0.880863 -2.336776 0.846216 -0.290306
-0.419327 1.092303 1.499714 -0.003853 0.893406 -2.398290 0.850766 -0.309361
-0.414503 1.098600 1.516584 -0.015845 0.906531 -2.509544 0.854148 -0.325506
-0.409750 1.105062 1.533485 -0.025056 0.920381 -2.648088 0.856632 -0.338710
-0.405070 1.111685 1.550401 -0.031943 0.935006 -2.796482 0.858432 -0.349050
-0.400461 1.118467 1.567317 -0.036902 0.950393 -2.942066 0.859633 -0.356359
-0.395927 1.125404 1.584220 -0.040261 0.966482 -3.076304 0.860307 -0.360689
-0.391469 1.132496 1.601092 -0.042312 0.983190 -3.194531 0.860571 -0.362635
-0.387091 1.139741 1.617922 -0.043272 1.000415 -3.293491 0.860422 -0.361931
-0.382795 1.147136 1.634690 -0.043355 1.018054 -3.372773 0.860018 -0.359519
-0.378585 1.154681 1.651384 -0.042723 1.036005 -3.432303 0.859324 -0.355305
-0.374465 1.162373 1.667992 -0.041509 1.054166 -3.472451 0.858316 -0.349421
-0.370437 1.170211 1.684500 -0.039841 1.072443 -3.494616 0.857062 -0.342394
-0.366504 1.178193 1.700899 -0.037813 1.090747 -3.499805 0.855544 -0.334165
-0.362669 1.186315 1.717179 -0.035525 1.108999 -3.489911 0.853835 -0.325270
-0.358934 1.194577 1.733333 -0.033038 1.127126 -3.465872 0.851849 -0.315475
-0.355300 1.202975 1.749353 -0.030419 1.145061 -3.429279 0.849638 -0.305197
-0.351770 1.211507 1.765236 -0.027717 1.162745 -3.381253 0.847183 -0.294410
-0.348343 1.220170 1.780976 -0.024975 1.180124 -3.322980 0.844507 -0.283278
-0.345022 1.228960 1.796571 -0.022225 1.197150 -3.255426 0.841605 -0.271845
-0.341806 1.237875 1.812017 -0.019494 1.213779 -3.179518 0.838473 -0.260206
-0.338694 1.246911 1.827311 -0.016802 1.229971 -3.095962 0.835095 -0.248378
-0.335686 1.256066 1.842450 -0.014164 1.245689 -3.005448 0.831490 -0.236436
-0.332781 1.265336 1.857433 -0.011590 1.260901 -2.908521 0.827665 -0.224401
-0.329978 1.274718 1.872257 -0.009087 1.275574 -2.805575 0.823613 -0.212279
-0.327274 1.284209 1.886920 -0.006660 1.289679 -2.697010 0.819342 -0.200115
-0.324666 1.293806 1.901419 -0.004311 1.303189 -2.583163 0.814850 -0.187926
-0.322151 1.303504 1.915750 -0.002044 1.316078 -2.464354 0.810143 -0.175737
-0.319727 1.313302 1.929911 0.000143 1.328320 -2.340823 0.805229 -0.163548
-0.317389 1.323196 1.943899 0.002252 1.339893 -2.212686 0.800121 -0.151344
-0.315133 1.333184 1.957710 0.004289 1.350771 -2.079911 0.794831 -0.139091
-0.312953 1.343261 1.971342 0.006263 1.360929 -1.942317 0.789370 -0.126749
-0.310844 1.353425 1.984792 0.008182 1.370341 -1.799619 0.783747 -0.114275
-0.308800 1.363673 1.998055 0.010055 1.378978 -1.651499 0.777970 -0.101641
-0.306814 1.374002 2.011129 0.011886 1.386811 -1.497685 0.772046 -0.088831
-0.304880 1.384410 2.024007 0.013677 1.393809 -1.338008 0.765980 -0.075845
-0.302990 1.394893 2.036684 0.015425 1.399941 -1.172408 0.759780 -0.062686
-0.301135 1.405448 2.049154 0.017127 1.405175 -1.000905 0.753453 -0.049354
-0.299306 1.416074 2.061410 0.018777 1.409483 -0.823591 0.747009 -0.035850
-0.297495 1.426766 2.073444 0.020366 1.412834 -0.640675 0.740454 -0.022185
-0.295692 1.437523 2.085249 0.021883 1.415200 -0.452569 0.733796 -0.008393
-0.293887 1.448340 2.096817 0.023311 1.416560 -0.259940 0.727041 0.005468
-0.292069 1.459216 2.108138 0.024627 1.416893 -0.063720 0.720199 0.019323
-0.290229 1.470146 2.119204 0.025808 1.416187 0.134953 0.713278 0.033093
-0.288356 1.481128 2.130006 0.026830 1.414436 0.334823 0.706288 0.046702
-0.286439 1.492159 2.140538 0.027670 1.411640 0.534606 0.699238 0.060085
-0.284467 1.503234 2.150792 0.028310 1.407807 0.733033 0.692139 0.073183
-0.282431 1.514351 2.160760 0.028732 1.402949 0.928863 0.685000 0.085936
-0.280320 1.525506 2.170437 0.028922 1.397086 1.120883 0.677833 0.098280
-0.278124 1.536694 2.179818 0.028866 1.390246 1.307916 0.670647 0.110149
-0.275834 1.547911 2.188898 0.028554 1.382459 1.488863 0.663458 0.121482
-0.273441 1.559154 2.197675 0.027981 1.373763 1.662744 0.656279 0.132227
-0.270935 1.570418 2.206147 0.027146 1.364199 1.828752 0.649125 0.142352
-0.268309 1.581698 2.214314 0.026053 1.353810 1.986279 0.642011 0.151842
-0.265554 1.592989 2.222174 0.024713 1.342645 2.134932 0.634951 0.160702
-0.262664 1.604287 2.229728 0.023140 1.330749 2.274516 0.627955 0.168951
-0.259632 1.615588 2.236977 0.021351 1.318171 2.405013 0.621032 0.176619
-0.256451 1.626884 2.243923 0.019365 1.304957 2.526547 0.614189 0.183741
-0.253116 1.638173 2.250568 0.017203 1.291153 2.639350 0.607430 0.190352
-0.249621 1.649447 2.256914 0.014886 1.276803 2.743731 0.600758 0.196489
-0.245961 1.660703 2.262963 0.012435 1.261950 2.840052 0.594176 0.202187
-0.242133 1.671934 2.268720 0.009869 1.246633 2.928699 0.587684 0.207472
-0.238132 1.683135 2.274188 0.007208 1.230890 3.010075 0.581288 0.212373
-0.233955 1.694300 2.279371 0.004471 1.214758 3.084576 0.574992 0.216906
-0.229598 1.705424 2.284275 0.001675 1.198270 3.152598 0.568805 0.221091
-0.225060 1.716502 2.288905 -0.001164 1.181458 3.214514 0.562740 0.224940
-0.220338 1.727527 2.293269 -0.004030 1.164352 3.270668 0.556813 0.228452
-0.215430 1.738494 2.297374 -0.006908 1.146981 3.321388 0.551049 0.231636
-0.210334 1.749398 2.301229 -0.009784 1.129372 3.366990 0.545479 0.234502
-0.205050 1.760232 2.304845 -0.012646 1.111550 3.407752 0.540137 0.237044
-0.199577 1.770992 2.308233 -0.015480 1.093538 3.443921 0.535061 0.239252
-0.193914 1.781673 2.311406 -0.018274 1.075360 3.475718 0.530297 0.241125
-0.188061 1.792269 2.314379 -0.021016 1.057037 3.503360 0.525899 0.242672
-0.182018 1.802774 2.317168 -0.023695 1.038591 3.527041 0.521918 0.243898
-0.175786 1.813185 2.319791 -0.026301 1.020040 3.546934 0.518407 0.244797
-0.169365 1.823495 2.322266 -0.028821 1.001405 3.563183 0.515415 0.245364
-0.162756 1.833701 2.324614 -0.031247 0.982703 3.575925 0.512994 0.245608
-0.155960 1.843798 2.326857 -0.033569 0.963952 3.585303 0.511194 0.245555
-0.148979 1.853781 2.329017 -0.035776 0.945168 3.591467 0.510058 0.245231
-0.141813 1.863647 2.331116 -0.037860 0.926369 3.594558 0.509618 0.244651
-0.134464 1.873390 2.333178 -0.039812 0.907568 3.594723 0.509898 0.243840
-0.126935 1.883009 2.335228 -0.041625 0.888782 3.592114 0.510915 0.242823
-0.119226 1.892498 2.337286 -0.043291 0.870022 3.586975 0.512681 0.241717
-0.111339 1.901855 2.339375 -0.044806 0.851301 3.579499 0.515181 0.240496
-0.103277 1.911076 2.341515 -0.046185 0.832635 3.569017 0.517741 0.238151
-0.095042 1.920159 2.343761 -0.047456 0.814049 3.553651 0.521468 0.233603
-0.086635 1.929101 2.346109 -0.048588 0.795566 3.534087 0.524905 0.229124
-0.078061 1.937899 2.348556 -0.049560 0.777204 3.510944 0.528047 0.224690
-0.069321 1.946553 2.351097 -0.050356 0.758978 3.484858 0.530901 0.220372
-0.060418 1.955058 2.353727 -0.050969 0.740901 3.456431 0.533467 0.216188
-0.051354 1.963413 2.356442 -0.051397 0.722982 3.426192 0.535743 0.212120
-0.042134 1.971617 2.359239 -0.051643 0.705228 3.394630 0.537736 0.208181
-0.032759 1.979667 2.362111 -0.051716 0.687644 3.362205 0.539453 0.204391
-0.023234 1.987562 2.365054 -0.051625 0.670231 3.329322 0.540905 0.200749
-0.013560 1.995301 2.368063 -0.051385 0.652992 3.296322 0.542095 0.197241
-0.003741 2.002880 2.371133 -0.051013 0.635924 3.263476 0.543030 0.193849
0.006219 2.010301 2.374259 -0.050527 0.619025 3.231002 0.543717 0.190565
0.016317 2.017560 2.377434 -0.049944 0.602294 3.199072 0.544164 0.187382
0.026550 2.024658 2.380655 -0.049283 0.585727 3.167798 0.544379 0.184283
0.036914 2.031593 2.383915 -0.048562 0.569319 3.137231 0.544366 0.181246
0.047406 2.038364 2.387209 -0.047798 0.553067 3.107380 0.544131 0.178258
0.058024 2.044971 2.390532 -0.047006 0.536968 3.078212 0.543679 0.175305
0.068762 2.051412 2.393879 -0.046200 0.521019 3.049655 0.543018 0.172370
0.079618 2.057688 2.397244 -0.045391 0.505216 3.021604 0.542151 0.169440
0.090589 2.063798 2.400623 -0.044590 0.489557 2.993932 0.541085 0.166504
0.101671 2.069741 2.404011 -0.043804 0.474043 2.966491 0.539825 0.163548
0.112861 2.075517 2.407402 -0.043039 0.458671 2.939120 0.538376 0.160565
0.124155 2.081127 2.410794 -0.042299 0.443443 2.911651 0.536741 0.157546
0.135550 2.086569 2.414180 -0.041585 0.428360 2.883917 0.534926 0.154485
0.147043 2.091845 2.417558 -0.040898 0.413425 2.855753 0.532935 0.151381
0.158630 2.096954 2.420923 -0.040237 0.398639 2.827005 0.530770 0.148231
0.170308 2.101896 2.424272 -0.039600 0.384008 2.797532 0.528435 0.145036
0.182073 2.106671 2.427600 -0.038983 0.369536 2.767211 0.525934 0.141800
0.193923 2.111282 2.430905 -0.038382 0.355227 2.735939 0.523270 0.138527
0.205855 2.115726 2.434182 -0.037792 0.341087 2.703638 0.520445 0.135224
0.217864 2.120007 2.437429 -0.037210 0.327121 2.670251 0.517464 0.131899
0.229948 2.124123 2.440642 -0.036629 0.313336 2.635751 0.514328 0.128561
0.242104 2.128077 2.443817 -0.036046 0.299738 2.600131 0.511042 0.125220
0.254328 2.131870 2.446952 -0.035455 0.286331 2.563411 0.507610 0.121884
0.266617 2.135502 2.450043 -0.034853 0.273122 2.525629 0.504036 0.118562
0.278969 2.138974 2.453087 -0.034237 0.260116 2.486837 0.500325 0.115263
0.291381 2.142289 2.456082 -0.033603 0.247318 2.447101 0.496483 0.111993
0.303849 2.145448 2.459023 -0.032951 0.234732 2.406493 0.492515 0.108757
0.316370 2.148452 2.461909 -0.032278 0.222362 2.365089 0.488426 0.105558
0.328943 2.151304 2.464737 -0.031585 0.210213 2.322964 0.484222 0.102401
0.341563 2.154004 2.467503 -0.030872 0.198288 2.280197 0.479909 0.099287
0.354229 2.156556 2.470206 -0.030139 0.186589 2.236868 0.475491 0.096221
0.366937 2.158960 2.472842 -0.029388 0.175119 2.193064 0.470973 0.093205
0.379685 2.161220 2.475409 -0.028619 0.163881 2.148879 0.466359 0.090247
0.392472 2.163338 2.477904 -0.027833 0.152874 2.104421 0.461653 0.087352
0.405293 2.165315 2.480326 -0.027033 0.142102 2.059811 0.456859 0.084526
0.418147 2.167154 2.482670 -0.026218 0.131562 2.015179 0.451981 0.081777
0.431032 2.168858 2.484934 -0.025392 0.121256 1.970657 0.447022 0.079109
0.443945 2.170429 2.487117 -0.024556 0.111181 1.926363 0.441987 0.076520
0.456884 2.171869 2.489215 -0.023714 0.101336 1.882384 0.436880 0.074006
0.469848 2.173181 2.491226 -0.022869 0.091719 1.838748 0.431706 0.071551
0.482833 2.174369 2.493149 -0.022027 0.082329 1.795410 0.426469 0.069135
0.495839 2.175433 2.494981 -0.021192 0.073165 1.752238 0.421174 0.066729
0.508863 2.176377 2.496721 -0.020371 0.064227 1.708996 0.415826 0.064300
0.521904 2.177205 2.498369 -0.019570 0.055517 1.665339 0.410428 0.061805
0.534959 2.177918 2.499924 -0.018795 0.047041 1.620789 0.404985 0.059195
0.548028 2.178520 2.501386 -0.018053 0.038805 1.574720 0.399499 0.056409
0.561108 2.179014 2.502755 -0.017349 0.030822 1.526370 0.393975 0.053385
0.574199 2.179403 2.504031 -0.016684 0.023108 1.474994 0.388413 0.050094
0.587298 2.179693 2.505214 -0.016045 0.015679 1.420373 0.382802 0.046631
0.600405 2.179885 2.506300 -0.015397 0.008549 1.363392 0.377123 0.043245
0.613518 2.179985 2.507291 -0.014764 0.001735 1.302762 0.371394 0.039481
0.626636 2.180000 2.508211 -0.014483 -0.004658 1.222309 0.365834 0.031939
0.639758 2.179936 2.509044 -0.014239 -0.010568 1.130045 0.360009 0.025243
0.652884 2.179798 2.509783 -0.013755 -0.015988 1.036476 0.354441 0.020302
0.666012 2.179590 2.510416 -0.012848 -0.020969 0.952250 0.348794 0.017656
0.679142 2.179316 2.510950 -0.011802 -0.025521 0.870335 0.343227 0.014082
0.692272 2.178984 2.511390 -0.010789 -0.029625 0.784822 0.337723 0.009425
0.705403 2.178598 2.511733 -0.009805 -0.033262 0.695341 0.332248 0.004530
0.718533 2.178165 2.511975 -0.008724 -0.036436 0.606955 0.326782 0.000498
0.731663 2.177688 2.512108 -0.007322 -0.039214 0.531168 0.321307 -0.001085
0.744791 2.177167 2.512120 -0.005286 -0.041763 0.487331 0.315813 0.002028
0.757917 2.176596 2.511985 -0.002276 -0.044387 0.501802 0.310290 0.012477
0.771037 2.175962 2.511646 0.001899 -0.047532 0.601203 0.304701 0.032396
0.784150 2.175247 2.511009 0.006960 -0.051698 0.796613 0.298946 0.061510
0.797252 2.174432 2.509979 0.012073 -0.057310 1.073114 0.292848 0.096395
0.810339 2.173500 2.508493 0.016306 -0.064641 1.401583 0.286192 0.133127
0.823405 2.172434 2.506513 0.019015 -0.073812 1.753586 0.278659 0.169036
0.836445 2.171220 2.504007 0.019908 -0.084834 2.107554 0.269903 0.202828
0.849453 2.169847 2.500937 0.018944 -0.097642 2.448859 0.259442 0.233900
0.862422 2.168301 2.497247 0.016233 -0.112122 2.768684 0.246705 0.262166
0.875345 2.166573 2.492865 0.011956 -0.128140 3.062615 0.231092 0.287822
0.888213 2.164653 2.487705 0.006313 -0.145551 3.329197 0.212058 0.310962
0.901018 2.162534 2.481673 -0.000499 -0.164217 3.568986 0.189261 0.331671
0.913750 2.160209 2.474678 -0.008302 -0.184007 3.783924 0.162680 0.350224
0.926399 2.157672 2.466634 -0.016942 -0.204805 3.976651 0.132641 0.366753
0.938954 2.154919 2.457476 -0.026293 -0.226510 4.150045 0.099806 0.381280
0.951405 2.151948 2.447157 -0.036253 -0.249035 4.307016 0.065114 0.393974
0.963739 2.148758 2.435659 -0.046740 -0.272310 4.450215 0.029640 0.404750
0.975982 2.145338 2.429783 -0.057289 -0.295959 4.521892 -0.006926 0.408155
0.988117 2.141691 2.421903 -0.067845 -0.319992 4.595200 -0.056650 0.415110
1.000131 2.137817 2.412165 -0.078467 -0.344418 4.670242 -0.102398 0.420637
1.012009 2.133721 2.400742 -0.089200 -0.369243 4.746701 -0.143267 0.424600
1.023739 2.129404 2.387827 -0.100078 -0.394472 4.823996 -0.178678 0.426960
1.035311 2.124872 2.373615 -0.111119 -0.420107 4.901387 -0.208370 0.427696
1.046713 2.120127 2.358301 -0.122332 -0.446142 4.978076 -0.232364 0.426820
1.057938 2.115174 2.342067 -0.133711 -0.472571 5.053281 -0.250902 0.424398
1.068977 2.110018 2.325081 -0.145241 -0.499381 5.126295 -0.264392 0.420538
1.079823 2.104662 2.307491 -0.156899 -0.526559 5.196513 -0.273343 0.415378
1.090469 2.099112 2.289426 -0.168652 -0.554087 5.263443 -0.278318 0.409063
1.100910 2.093372 2.270996 -0.180466 -0.581946 5.326715 -0.279886 0.401746
1.111141 2.087447 2.252291 -0.192300 -0.610115 5.386066 -0.278594 0.393581
1.121156 2.081342 2.233388 -0.204111 -0.638573 5.441337 -0.274943 0.384720
1.130951 2.075062 2.214347 -0.215856 -0.667298 5.492450 -0.269377 0.375304
1.140523 2.068611 2.195218 -0.227490 -0.696269 5.539403 -0.262277 0.365465
1.149867 2.061996 2.176043 -0.238972 -0.725465 5.582247 -0.253961 0.355324
1.158980 2.055220 2.156853 -0.250259 -0.754863 5.621079 -0.244690 0.344983
1.167859 2.048289 2.137677 -0.261311 -0.784444 5.656028 -0.234671 0.334535
1.176500 2.041209 2.118538 -0.272093 -0.814188 5.687246 -0.224063 0.324056
1.184900 2.033985 2.099456 -0.282568 -0.844077 5.714898 -0.212984 0.313608
1.193056 2.026622 2.080451 -0.292705 -0.874093 5.739151 -0.201517 0.303241
1.200965 2.019126 2.061541 -0.302476 -0.904219 5.760175 -0.189715 0.292994
1.208626 2.011503 2.042743 -0.311854 -0.934438 5.778129 -0.177607 0.282895
1.216035 2.003758 2.024077 -0.320817 -0.964736 5.793161 -0.165205 0.272961
1.223191 1.995898 2.005562 -0.329344 -0.995099 5.805405 -0.152512 0.263207
1.230090 1.987927 1.987217 -0.337417 -1.025511 5.814980 -0.139524 0.253642
1.236731 1.979852 1.969064 -0.345020 -1.055960 5.821989 -0.126245 0.244278
1.243113 1.971679 1.951121 -0.352140 -1.086433 5.826528 -0.112692 0.235129
1.249233 1.963414 1.933409 -0.358765 -1.116917 5.828692 -0.098902 0.226219
1.255089 1.955062 1.915945 -0.364885 -1.147400 5.828579 -0.084942 0.217581
1.260682 1.946631 1.898745 -0.370492 -1.177872 5.826305 -0.070908 0.209256
1.266008 1.938125 1.881820 -0.375578 -1.208321 5.822004 -0.056924 0.201290
1.271068 1.929551 1.865177 -0.380139 -1.238738 5.815830 -0.043121 0.193716
1.275859 1.920915 1.848822 -0.384170 -1.269113 5.807941 -0.029615 0.186544
1.280382 1.912224 1.832760 -0.387670 -1.299439 5.798463 -0.016450 0.179732
1.284635 1.903484 1.816986 -0.390639 -1.329708 5.787536 -0.004051 0.173021
1.288613 1.894720 1.797793 -0.393376 -1.360116 5.814057 0.010928 0.169282
1.292317 1.885937 1.778953 -0.395850 -1.390652 5.838610 0.025591 0.163405
1.295746 1.877143 1.760481 -0.398053 -1.421306 5.861238 0.040418 0.157655
1.298903 1.868342 1.742397 -0.399980 -1.452068 5.881965 0.055453 0.152077
1.301787 1.859541 1.724722 -0.401626 -1.482929 5.900759 0.070813 0.146671
1.304399 1.850745 1.707482 -0.402986 -1.513878 5.917514 0.086634 0.141412
1.306741 1.841960 1.690707 -0.404055 -1.544903 5.932047 0.103036 0.136267
1.308812 1.833192 1.674404 -0.404827 -1.575991 5.944327 0.118944 0.130881
1.310616 1.824446 1.658598 -0.405296 -1.607132 5.954128 0.135289 0.125615
1.312151 1.815728 1.643320 -0.405452 -1.638308 5.961167 0.152091 0.120459
1.313421 1.807043 1.628598 -0.405281 -1.669506 5.965096 0.169345 0.115416
1.314427 1.798397 1.614462 -0.404768 -1.700706 5.965512 0.187026 0.110497
1.315169 1.789793 1.600943 -0.403892 -1.731887 5.961947 0.205097 0.105724
1.315649 1.781238 1.588071 -0.402626 -1.763025 5.953865 0.223517 0.101121
1.315869 1.772737 1.575877 -0.400940 -1.794095 5.940658 0.242243 0.096718
1.315829 1.764293 1.564393 -0.398796 -1.825065 5.921636 0.261233 0.092548
1.315532 1.755913 1.553651 -0.396149 -1.855901 5.896028 0.280451 0.088649
1.314978 1.747601 1.543686 -0.392947 -1.886565 5.862977 0.299862 0.085059
1.314169 1.739361 1.534532 -0.389129 -1.917011 5.821546 0.319438 0.081822
1.313106 1.731198 1.526227 -0.384626 -1.947192 5.770731 0.339151 0.078987
1.311790 1.723117 1.518810 -0.379363 -1.977053 5.709479 0.358980 0.076609
1.310221 1.715123 1.512321 -0.373256 -2.006533 5.636719 0.378907 0.074749
1.308401 1.707219 1.506799 -0.366218 -2.035567 5.551404 0.398918 0.073478
1.306330 1.699412 1.502288 -0.358155 -2.064084 5.452562 0.419005 0.072875
1.304010 1.691705 1.498829 -0.348975 -2.092008 5.339351 0.439167 0.073031
1.301440 1.684104 1.496459 -0.338586 -2.119263 5.211122 0.459413 0.074045
1.298623 1.676611 1.495186 -0.326906 -2.145767 5.067738 0.478604 0.075823
1.295558 1.669233 1.494988 -0.313868 -2.171443 4.909396 0.495718 0.077766
1.292247 1.661974 1.495867 -0.299408 -2.196215 4.736504 0.512209 0.080960
1.288692 1.654838 1.497817 -0.283478 -2.220010 4.549758 0.528079 0.085536
1.284895 1.647829 1.500825 -0.266039 -2.242761 4.350115 0.543344 0.091629
1.280857 1.640951 1.504866 -0.247072 -2.264407 4.138753 0.558030 0.099348
1.276580 1.634207 1.509906 -0.226569 -2.284893 3.917096 0.572169 0.108807
1.272068 1.627601 1.515901 -0.204550 -2.304176 3.686954 0.585794 0.120134
1.267323 1.621135 1.522796 -0.181071 -2.322224 3.450908 0.598928 0.133460
1.262349 1.614811 1.530522 -0.156267 -2.339028 3.213024 0.611558 0.148765
1.257149 1.608629 1.538997 -0.130407 -2.354615 2.980189 0.623645 0.165991
1.251730 1.602588 1.548123 -0.103988 -2.369070 2.763887 0.635108 0.185070
1.246099 1.596686 1.557791 -0.077797 -2.382568 2.580917 0.645790 0.205610
1.240266 1.590916 1.567888 -0.052854 -2.395385 2.450663 0.655477 0.227004
1.234241 1.585272 1.578309 -0.030159 -2.407874 2.387906 0.663981 0.248481
1.228036 1.579744 1.588975 -0.010395 -2.420404 2.395902 0.671241 0.269189
1.221660 1.574325 1.599833 0.006195 -2.433300 2.465761 0.677335 0.288360
1.215122 1.569011 1.610849 0.019713 -2.446801 2.581447 0.682418 0.305414
1.208429 1.563797 1.622002 0.030446 -2.461055 2.725445 0.686649 0.319961
1.201584 1.558682 1.633279 0.038754 -2.476130 2.882282 0.690164 0.331801
1.194592 1.553667 1.644663 0.044990 -2.492028 3.039880 0.693070 0.340905
1.187455 1.548752 1.656140 0.049483 -2.508710 3.189576 0.695452 0.347345
1.180175 1.543941 1.667694 0.052520 -2.526103 3.325651 0.697376 0.351291
1.172754 1.539235 1.679307 0.054353 -2.544119 3.444713 0.698896 0.352979
1.165193 1.534638 1.690961 0.055195 -2.562659 3.545050 0.700044 0.352634
1.157495 1.530153 1.702640 0.055232 -2.581624 3.626104 0.700838 0.350471
1.149661 1.525783 1.714327 0.054620 -2.600913 3.688153 0.701299 0.346739
1.141693 1.521531 1.726006 0.053496 -2.620432 3.732044 0.701445 0.341688
1.133593 1.517401 1.737663 0.051978 -2.640091 3.758953 0.701288 0.335535
1.125364 1.513394 1.749285 0.050163 -2.659809 3.770160 0.700821 0.328431
1.117009 1.509514 1.760860 0.048134 -2.679510 3.766995 0.700049 0.320535
1.108529 1.505762 1.772380 0.045963 -2.699127 3.750907 0.698995 0.312056
1.099928 1.502141 1.783835 0.043709 -2.718600 3.723234 0.697659 0.303092
1.091209 1.498652 1.795218 0.041419 -2.737873 3.685163 0.696032 0.293719
1.082374 1.495296 1.806524 0.039131 -2.756899 3.637793 0.694123 0.284029
1.073428 1.492074 1.817746 0.036873 -2.775634 3.582145 0.691950 0.274110
1.064373 1.488986 1.828881 0.034668 -2.794038 3.519056 0.689516 0.263991
1.055213 1.486034 1.839924 0.032530 -2.812078 3.449251 0.686826 0.253719
1.045951 1.483215 1.850873 0.030471 -2.829721 3.373360 0.683879 0.243333
1.036590 1.480530 1.861723 0.028495 -2.846937 3.291925 0.680671 0.232866
1.027135 1.477977 1.872471 0.026608 -2.863702 3.205445 0.677204 0.222357
1.017588 1.475555 1.883112 0.024810 -2.879990 3.114371 0.673482 0.211835
1.007952 1.473263 1.893643 0.023102 -2.895780 3.019123 0.669510 0.201333
0.998232 1.471097 1.904057 0.021484 -2.911052 2.920128 0.665292 0.190885
0.988430 1.469055 1.914351 0.019956 -2.925790 2.817861 0.660830 0.180537
0.978549 1.467134 1.924517 0.018519 -2.939978 2.712908 0.656128 0.170353
0.968593 1.465331 1.934550 0.017180 -2.953608 2.606029 0.651186 0.160418
0.958564 1.463644 1.944441 0.015946 -2.966673 2.498233 0.646004 0.150842
0.948466 1.462068 1.954182 0.014833 -2.979178 2.390851 0.640578 0.141771
0.938300 1.460600 1.963761 0.013858 -2.991131 2.285577 0.634903 0.133373
0.928071 1.459237 1.973170 0.013045 -3.002556 2.184414 0.628972 0.125826
0.917779 1.457977 1.982395 0.012412 -3.013484 2.089449 0.622780 0.119264
0.907429 1.456817 1.991427 0.011964 -3.023956 2.002448 0.616329 0.113724
0.897021 1.455754 2.000257 0.011686 -3.034021 1.924340 0.609621 0.109084
0.886559 1.454788 2.008879 0.011535 -3.043721 1.854736 0.602666 0.105047
0.876045 1.453915 2.017292 0.011436 -3.053091 1.791542 0.595470 0.101122
0.865480 1.453133 2.025498 0.011281 -3.062141 1.730462 0.588040 0.096588
0.854868 1.452438 2.033506 0.010908 -3.070844 1.664023 0.580385 0.090355
0.844209 1.451824 2.041332 0.010070 -3.079104 1.579432 0.572526 0.080676
0.833507 1.451279 2.049003 0.008337 -3.086709 1.454008 0.564498 0.064577
0.822762 1.450785 2.056531 0.004946 -3.093231 1.247017 0.556317 0.036943
0.811979 1.450309 2.063834 -0.001078 -3.097947 0.901705 0.547872 -0.008514
0.801161 1.449810 2.070652 -0.009383 -3.100074 0.406850 0.538758 -0.069632
0.790313 1.449256 2.076762 -0.017829 -3.099179 -0.171244 0.528546 -0.133506
0.779441 1.448622 2.082113 -0.024793 -3.095171 -0.766217 0.517259 -0.192266
0.768552 1.447884 2.086716 -0.029706 -3.088164 -1.339773 0.504951 -0.244779
0.757651 1.447023 2.090571 -0.032539 -3.078373 -1.872251 0.491354 -0.291549
0.746745 1.446022 2.093647 -0.033482 -3.066055 -2.355205 0.475735 -0.333581
0.735844 1.444865 2.095873 -0.032774 -3.051482 -2.786336 0.456802 -0.371166
0.724955 1.443538 2.097125 -0.030664 -3.034915 -3.167667 0.432909 -0.405103
0.714090 1.442028 2.097235 -0.027374 -3.016592 -3.503575 0.402236 -0.435810
0.703260 1.440326 2.095990 -0.023099 -2.996719 -3.799775 0.363159 -0.463716
0.692479 1.438423 2.093155 -0.017997 -2.975472 -4.062579 0.314625 -0.489231
0.681762 1.436313 2.088490 -0.012195 -2.952991 -4.298336 0.256456 -0.512676
0.671125 1.433990 2.081781 -0.005786 -2.929388 -4.513014 0.189527 -0.534265
0.660585 1.431452 2.072864 0.001166 -2.904745 -4.711908 0.115743 -0.554078
0.650160 1.428698 2.061644 0.008623 -2.879121 -4.899444 0.037844 -0.572058
0.639845 1.425722 2.052728 0.016443 -2.852763 -5.039730 -0.046323 -0.583665
0.629659 1.422528 2.040890 0.024562 -2.825657 -5.182783 -0.134771 -0.597176
0.619623 1.419118 2.026403 0.033028 -2.797790 -5.328339 -0.215308 -0.608514
0.609754 1.415498 2.009604 0.041875 -2.769153 -5.475456 -0.285338 -0.617544
0.600067 1.411672 1.990869 0.051121 -2.739746 -5.622726 -0.343304 -0.623934
0.590574 1.407645 1.970576 0.060768 -2.709577 -5.768565 -0.388657 -0.627581
0.581288 1.403424 1.949085 0.070800 -2.678660 -5.911402 -0.421728 -0.628449
0.572217 1.399015 1.926717 0.081184 -2.647020 -6.049826 -0.443498 -0.626625
0.563369 1.394423 1.903750 0.091877 -2.614684 -6.182659 -0.455348 -0.622270
0.554751 1.389656 1.880411 0.102823 -2.581688 -6.308978 -0.458823 -0.615601
0.546367 1.384718 1.856882 0.113961 -2.548069 -6.428113 -0.455456 -0.606876
0.538222 1.379617 1.833307 0.125226 -2.513867 -6.539616 -0.446643 -0.596381
0.530320 1.374359 1.809793 0.136549 -2.479123 -6.643226 -0.433584 -0.584391
0.522663 1.368949 1.786425 0.147861 -2.443879 -6.738826 -0.417266 -0.571140
0.515255 1.363394 1.763265 0.159097 -2.408177 -6.826404 -0.398466 -0.556827
0.508099 1.357700 1.740362 0.170193 -2.372058 -6.906033 -0.377778 -0.541628
0.501195 1.351873 1.717757 0.181089 -2.335564 -6.977849 -0.355640 -0.525710
0.494547 1.345920 1.695482 0.191729 -2.298734 -7.042041 -0.332370 -0.509215
0.488155 1.339848 1.673565 0.202066 -2.261607 -7.098839 -0.308200 -0.492266
0.482022 1.333662 1.652032 0.212054 -2.224221 -7.148510 -0.283295 -0.474970
0.476149 1.327368 1.630908 0.221658 -2.186610 -7.191349 -0.257783 -0.457427
0.470537 1.320975 1.610216 0.230845 -2.148809 -7.227683 -0.231763 -0.439737
0.465186 1.314487 1.589975 0.239591 -2.110850 -7.257870 -0.205322 -0.421998
0.460099 1.307911 1.570207 0.247877 -2.072764 -7.282291 -0.178541 -0.404311
0.455274 1.301255 1.550928 0.255689 -2.034578 -7.301353 -0.151503 -0.386772
0.450713 1.294524 1.532154 0.263019 -1.996318 -7.315484 -0.124292 -0.369477
0.446417 1.287726 1.513899 0.269863 -1.958008 -7.325126 -0.096997 -0.352520
0.442384 1.280866 1.496173 0.276223 -1.919668 -7.330733 -0.069709 -0.335989
0.438616 1.273952 1.478982 0.282102 -1.881318 -7.332764 -0.042521 -0.319963
0.435112 1.266990 1.462333 0.287507 -1.842973 -7.331676 -0.015521 -0.304523
0.431874 1.259997 1.443953 0.292587 -1.804524 -7.351639 0.014337 -0.291491
0.428901 1.252980 1.426438 0.297333 -1.765998 -7.366341 0.045495 -0.276517
0.426192 1.245944 1.409795 0.301750 -1.727420 -7.376272 0.076314 -0.262095
0.423745 1.238892 1.394029 0.305848 -1.688813 -7.381896 0.106671 -0.248240
0.421559 1.231830 1.379137 0.309636 -1.650196 -7.383658 0.136463 -0.234995
0.419632 1.224763 1.365116 0.313125 -1.611588 -7.381964 0.165601 -0.222390
0.417962 1.217696 1.351956 0.316328 -1.573006 -7.377170 0.194013 -0.210439
0.416548 1.210634 1.339646 0.319255 -1.534463 -7.369571 0.221650 -0.199144
0.415388 1.203581 1.328171 0.321916 -1.495973 -7.359383 0.248485 -0.188493
0.414481 1.196543 1.317519 0.324319 -1.457550 -7.346731 0.274511 -0.178467
0.413826 1.189524 1.307673 0.326469 -1.419205 -7.331640 0.299740 -0.169042
0.413421 1.182531 1.298622 0.328368 -1.380953 -7.314014 0.324202 -0.160188
0.413265 1.175567 1.290352 0.330011 -1.342808 -7.293629 0.347936 -0.151875
0.413357 1.168638 1.282854 0.331390 -1.304785 -7.270112 0.370992 -0.144073
0.413695 1.161749 1.276122 0.332486 -1.266904 -7.242928 0.393422 -0.136755
0.414278 1.154906 1.270153 0.333274 -1.229189 -7.211359 0.415278 -0.129899
0.415105 1.148114 1.264947 0.333717 -1.191666 -7.174486 0.436613 -0.123492
0.416175 1.141379 1.260510 0.333765 -1.154370 -7.131173 0.457470 -0.117530
0.417488 1.134706 1.256854 0.333355 -1.117342 -7.080051 0.477887 -0.112022
0.419041 1.128102 1.253994 0.332405 -1.080630 -7.019513 0.497891 -0.106994
0.420836 1.121571 1.251953 0.330820 -1.044293 -6.947722 0.517500 -0.102484
0.422870 1.115121 1.250760 0.328485 -1.008401 -6.862636 0.536720 -0.098550
0.425145 1.108758 1.250447 0.325268 -0.973036 -6.762075 0.555546 -0.095264
0.427659 1.102488 1.251053 0.321024 -0.938289 -6.643817 0.573967 -0.092718
0.430412 1.096319 1.252621 0.315598 -0.904264 -6.505747 0.591968 -0.091031
0.433404 1.090256 1.255196 0.308833 -0.871074 -6.346042 0.609536 -0.090348
0.436634 1.084308 1.258819 0.300578 -0.838839 -6.163375 0.626660 -0.090819
0.440103 1.078482 1.263531 0.290699 -0.807684 -5.957116 0.643342 -0.092636
0.443809 1.072784 1.269292 0.279105 -0.777728 -5.727576 0.656820 -0.094582
0.447750 1.067221 1.276107 0.265718 -0.749089 -5.475916 0.669284 -0.098156
0.451924 1.061801 1.283965 0.250491 -0.721872 -5.203999 0.680748 -0.103491
0.456330 1.056528 1.292841 0.233408 -0.696171 -4.914216 0.691269 -0.110770
0.460963 1.051408 1.302698 0.214474 -0.672065 -4.609216 0.700920 -0.120095
0.465820 1.046446 1.313483 0.193718 -0.649619 -4.291719 0.709783 -0.131449
0.470898 1.041645 1.325132 0.171200 -0.628883 -3.964767 0.717970 -0.144921
0.476192 1.037008 1.337566 0.147041 -0.609885 -3.632667 0.725602 -0.160649
0.481697 1.032536 1.350690 0.121509 -0.592610 -3.303068 0.732742 -0.178689
0.487406 1.028226 1.364390 0.095176 -0.576970 -2.990323 0.739316 -0.198748
0.493311 1.024074 1.378530 0.069075 -0.562753 -2.718397 0.745099 -0.220272
0.499401 1.020070 1.392967 0.044616 -0.549591 -2.516597 0.749748 -0.242390
0.505665 1.016200 1.407573 0.023075 -0.537013 -2.405060 0.752987 -0.264092
0.512090 1.012452 1.422252 0.005092 -0.524549 -2.383137 0.754790 -0.284461
0.518666 1.008813 1.436943 -0.009350 -0.511825 -2.432814 0.755302 -0.302714
0.525385 1.005278 1.451610 -0.020628 -0.498594 -2.529801 0.754677 -0.318233
0.532242 1.001840 1.466228 -0.029225 -0.484726 -2.651719 0.753051 -0.330689
0.539230 0.998497 1.480777 -0.035603 -0.470180 -2.781335 0.750588 -0.340058
0.546347 0.995249 1.495239 -0.040165 -0.454977 -2.906835 0.747486 -0.346549
0.553589 0.992097 1.509600 -0.043248 -0.439179 -3.020692 0.743928 -0.350365
0.560954 0.989042 1.523845 -0.045135 -0.422867 -3.118804 0.740059 -0.351883
0.568438 0.986085 1.537961 -0.046045 -0.406137 -3.198807 0.735870 -0.351162
0.576039 0.983230 1.551935 -0.046152 -0.389090 -3.259489 0.731343 -0.348318
0.583755 0.980477 1.565754 -0.045615 -0.371825 -3.301213 0.726573 -0.343846
0.591583 0.977829 1.579407 -0.044568 -0.354435 -3.324973 0.721621 -0.338015
0.599520 0.975287 1.592885 -0.043120 -0.337010 -3.331891 0.716475 -0.330976
0.607563 0.972853 1.606179 -0.041359 -0.319629 -3.323259 0.711125 -0.322924
0.615709 0.970527 1.619282 -0.039364 -0.302367 -3.300543 0.705593 -0.314080
0.623955 0.968311 1.632189 -0.037200 -0.285290 -3.265180 0.699912 -0.304598
0.632298 0.966206 1.644895 -0.034918 -0.268458 -3.218456 0.694088 -0.294584
0.640735 0.964210 1.657398 -0.032560 -0.251923 -3.161559 0.688113 -0.284145
0.649263 0.962324 1.669694 -0.030159 -0.235733 -3.095612 0.681992 -0.273386
0.657878 0.960546 1.681782 -0.027744 -0.219930 -3.021583 0.675732 -0.262373
0.666578 0.958877 1.693662 -0.025331 -0.204552 -2.940252 0.669343 -0.251141
0.675360 0.957314 1.705332 -0.022934 -0.189635 -2.852235 0.662832 -0.239719
0.684220 0.955854 1.716792 -0.020560 -0.175210 -2.758052 0.656199 -0.228137
0.693156 0.954497 1.728043 -0.018217 -0.161308 -2.658187 0.649443 -0.216434
0.702164 0.953238 1.739082 -0.015911 -0.147955 -2.553094 0.642565 -0.204643
0.711242 0.952076 1.749910 -0.013645 -0.135178 -2.443151 0.635568 -0.192782
0.720387 0.951005 1.760525 -0.011419 -0.122999 -2.328608 0.628460 -0.180844
0.729597 0.950023 1.770928 -0.009228 -0.111443 -2.209553 0.621248 -0.168804
0.738869 0.949125 1.781116 -0.007067 -0.100534 -2.085953 0.613937 -0.156635
0.748201 0.948306 1.791090 -0.004929 -0.090295 -1.957735 0.606531 -0.144323
0.757590 0.947561 1.800848 -0.002812 -0.080751 -1.824871 0.599031 -0.131869
0.767034 0.946884 1.810387 -0.000713 -0.071925 -1.687406 0.591440 -0.119284
0.776531 0.946270 1.819705 0.001366 -0.063843 -1.545430 0.583760 -0.106577
0.786079 0.945712 1.828799 0.003426 -0.056526 -1.399023 0.575996 -0.093744
0.795677 0.945203 1.837666 0.005468 -0.049998 -1.248218 0.568151 -0.080770
0.805322 0.944736 1.846302 0.007494 -0.044281 -1.093000 0.560227 -0.067638
0.815012 0.944304 1.854703 0.009505 -0.039400 -0.933364 0.552229 -0.054335
0.824747 0.943900 1.862865 0.011499 -0.035376 -0.769406 0.544156 -0.040873
0.834524 0.943514 1.870781 0.013469 -0.032231 -0.601418 0.536010 -0.027289
0.844341 0.943139 1.878448 0.015404 -0.029982 -0.429917 0.527791 -0.013642
0.854198 0.942766 1.885858 0.017288 -0.028645 -0.255564 0.519501 0.000012
0.864091 0.942387 1.893007 0.019112 -0.028233 -0.078886 0.511144 0.013671
0.874021 0.941992 1.899888 0.020883 -0.028757 0.100177 0.502721 0.027452
0.883983 0.941572 1.906492 0.022632 -0.030236 0.282809 0.494227 0.041656
0.893978 0.941117 1.912808 0.024413 -0.032701 0.471398 0.485646 0.056715
0.904002 0.940617 1.918818 0.026264 -0.036196 0.668247 0.476948 0.072878
0.914053 0.940060 1.924509 0.028145 -0.040762 0.872911 0.468113 0.089728
0.924128 0.939435 1.929873 0.029928 -0.046416 1.081165 0.459172 0.106276
0.934224 0.938733 1.934913 0.031491 -0.053152 1.288027 0.450173 0.121923
0.944339 0.937944 1.939626 0.032777 -0.060946 1.490224 0.441118 0.136674
0.954469 0.937059 1.944013 0.033763 -0.069761 1.685471 0.432031 0.150498
0.964611 0.936070 1.948075 0.034452 -0.079554 1.872461 0.422932 0.163467
0.974761 0.934968 1.951807 0.034868 -0.090280 2.050870 0.413811 0.175764
0.984915 0.933745 1.955207 0.035038 -0.101895 2.220860 0.404663 0.187521
0.995069 0.932395 1.958271 0.034989 -0.114357 2.382698 0.395507 0.198793
1.005219 0.930909 1.960996 0.034739 -0.127624 2.536670 0.386367 0.209618
1.015359 0.929282 1.963383 0.034303 -0.141656 2.682936 0.377257 0.219970
1.025485 0.927507 1.965430 0.033691 -0.156413 2.821633 0.368222 0.229851
1.035592 0.925578 1.967141 0.032921 -0.171858 2.953203 0.359315 0.239402
1.045675 0.923490 1.968516 0.032002 -0.187954 3.077732 0.350506 0.248498
1.055728 0.921237 1.969554 0.030959 -0.204670 3.196093 0.341854 0.257533
1.065745 0.918817 1.970258 0.029801 -0.221974 3.308551 0.333280 0.266298
1.075721 0.916224 1.970621 0.028551 -0.239840 3.416080 0.324809 0.275229
1.085649 0.913454 1.970642 0.027217 -0.258245 3.519077 0.316339 0.284125
1.095524 0.910504 1.970315 0.025807 -0.277167 3.618066 0.307834 0.293130
1.105338 0.907372 1.969634 0.024327 -0.296589 3.713471 0.299250 0.302263
1.115086 0.904054 1.968591 0.022782 -0.316492 3.805720 0.290540 0.311603
1.124759 0.900549 1.967176 0.021173 -0.336863 3.895008 0.281608 0.321034
1.134352 0.896855 1.965382 0.019495 -0.357686 3.981370 0.272367 0.330434
1.143856 0.892970 1.963196 0.017748 -0.378945 4.064932 0.262774 0.339860
1.153266 0.888895 1.960606 0.015934 -0.400628 4.145841 0.252790 0.349324
1.162573 0.884627 1.957600 0.014058 -0.422721 4.224302 0.242368 0.358873
1.171770 0.880169 1.954162 0.012119 -0.445213 4.300420 0.231425 0.368392
1.180848 0.875520 1.950279 0.010117 -0.468090 4.374196 0.219887 0.377693
1.189802 0.870681 1.945938 0.008053 -0.491340 4.445636 0.207730 0.386705
1.198622 0.865654 1.941125 0.005931 -0.514953 4.514825 0.194990 0.395457
1.207301 0.860441 1.935832 0.003757 -0.538916 4.581802 0.181733 0.403832
1.215832 0.855045 1.930050 0.001536 -0.563218 4.646703 0.168087 0.411942
1.224207 0.849468 1.923776 -0.000723 -0.587849 4.709640 0.154190 0.419748
1.232417 0.843715 1.917008 -0.003009 -0.612801 4.770809 0.140199 0.427396
1.240457 0.837788 1.909750 -0.005317 -0.638063 4.830277 0.126239 0.434697
1.248318 0.831692 1.902011 -0.007637 -0.663628 4.888081 0.112446 0.441606
1.255993 0.825431 1.893804 -0.009963 -0.689486 4.944189 0.098960 0.447995
1.263476 0.819011 1.885149 -0.012286 -0.715628 4.998524 0.085933 0.453793
1.270760 0.812437 1.876070 -0.014598 -0.742044 5.050920 0.073527 0.458832
1.277838 0.805713 1.866598 -0.016887 -0.768724 5.101190 0.061941 0.463106
1.284706 0.798847 1.856768 -0.019141 -0.795654 5.149186 0.051404 0.466750
1.291356 0.791843 1.846619 -0.021341 -0.822823 5.194821 0.042146 0.469994
1.297785 0.784708 1.836191 -0.023469 -0.850218 5.238078 0.034358 0.473088
1.303987 0.777447 1.825527 -0.025506 -0.877827 5.278941 0.028150 0.476143
1.309957 0.770068 1.814673 -0.027434 -0.905636 5.317274 0.023513 0.478925
1.315692 0.762577 1.803676 -0.029238 -0.933632 5.352905 0.020368 0.481335
1.321188 0.754980 1.792586 -0.030904 -0.961798 5.385460 0.018623 0.482917
1.326441 0.747283 1.781453 -0.032415 -0.990117 5.414683 0.018300 0.483937
1.331448 0.739493 1.770322 -0.033750 -1.018570 5.440477 0.019435 0.484796
1.336207 0.731616 1.759252 -0.034895 -1.047138 5.462256 0.022005 0.484460
1.340715 0.723659 1.748292 -0.035830 -1.075797 5.479834 0.025989 0.483785
1.344971 0.715628 1.737489 -0.036528 -1.104527 5.493180 0.031558 0.483265
1.348973 0.707529 1.726890 -0.036965 -1.133304 5.502298 0.038727 0.483032
1.352718 0.699368 1.716544 -0.037122 -1.162106 5.507152 0.047436 0.482990
1.356208 0.691151 1.706498 -0.036980 -1.190911 5.507645 0.057571 0.482959
1.359439 0.682884 1.696799 -0.036525 -1.219695 5.503660 0.069007 0.482841
1.362412 0.674572 1.687491 -0.035744 -1.248435 5.495112 0.081621 0.482617
1.365127 0.666221 1.678617 -0.034627 -1.277105 5.481966 0.095304 0.482317
1.367583 0.657837 1.670213 -0.033165 -1.305683 5.464264 0.109961 0.482012
1.369781 0.649424 1.662316 -0.031355 -1.334146 5.442115 0.125510 0.481738
1.371721 0.640987 1.654958 -0.029195 -1.362470 5.415713 0.141887 0.481573
1.373403 0.632531 1.648173 -0.026696 -1.390633 5.384994 0.158774 0.480723
1.374828 0.624062 1.641973 -0.023863 -1.418617 5.350539 0.175934 0.480268
1.375997 0.615583 1.636369 -0.020710 -1.446404 5.313029 0.193356 0.480282
1.376912 0.607100 1.631367 -0.017255 -1.473983 5.273279 0.211018 0.480894
1.377573 0.598616 1.626973 -0.013528 -1.501347 5.232160 0.228855 0.482066
1.377982 0.590137 1.623188 -0.009567 -1.528494 5.190528 0.246767 0.483625
1.378140 0.581666 1.620013 -0.005420 -1.555424 5.149215 0.264648 0.485396
1.378050 0.573207 1.617445 -0.001142 -1.582144 5.109032 0.282420 0.487266
1.377714 0.564765 1.615479 0.003209 -1.608665 5.070791 0.300053 0.489253
1.377132 0.556343 1.614108 0.007571 -1.634999 5.035248 0.317547 0.491328
1.376309 0.547945 1.613329 0.011878 -1.661164 5.002857 0.334889 0.493102
1.375246 0.539575 1.613136 0.016066 -1.687178 4.973926 0.352134 0.494536
1.373946 0.531237 1.613523 0.020085 -1.713060 4.948860 0.369418 0.496081
1.372410 0.522933 1.614486 0.023885 -1.738832 4.927762 0.386827 0.497523
1.370642 0.514667 1.616024 0.027424 -1.764514 4.910451 0.404443 0.498669
1.368645 0.506441 1.618142 0.030667 -1.790122 4.896464 0.422358 0.499355
1.366419 0.498260 1.620831 0.033607 -1.815676 4.886043 0.440783 0.500906
1.363968 0.490125 1.624126 0.036207 -1.841186 4.877567 0.460130 0.500719
1.361293 0.482039 1.628022 0.038450 -1.866656 4.869938 0.479128 0.499168
1.358396 0.474005 1.632499 0.040347 -1.892089 4.862848 0.497821 0.497484
1.355280 0.466025 1.637489 0.041969 -1.917499 4.858607 0.516450 0.499713
1.351945 0.458102 1.643063 0.043195 -1.942871 4.851215 0.534020 0.493438
1.348394 0.450238 1.649134 0.044144 -1.968206 4.844092 0.551433 0.492204
1.344628 0.442437 1.655701 0.044801 -1.993495 4.835547 0.568207 0.488786
1.340649 0.434701 1.662770 0.045153 -2.018723 4.823577 0.584433 0.482628
1.336458 0.427033 1.670285 0.045297 -2.043883 4.810839 0.600790 0.480048
1.332056 0.419435 1.678268 0.045193 -2.068959 4.794545 0.616549 0.473703
1.327446 0.411911 1.686693 0.044892 -2.093935 4.775602 0.632252 0.468332
1.322627 0.404463 1.695541 0.044437 -2.118803 4.754727 0.648036 0.463742
1.317603 0.397094 1.704814 0.043825 -2.143546 4.731051 0.663616 0.457863
1.312373 0.389806 1.714511 0.043064 -2.168148 4.704030 0.679037 0.450996
1.306940 0.382604 1.724581 0.042241 -2.192607 4.676735 0.694496 0.447552
1.301304 0.375488 1.735076 0.041245 -2.216896 4.644135 0.709149 0.437779
1.295467 0.368463 1.745936 0.040186 -2.241006 4.609957 0.723778 0.431873
1.289431 0.361530 1.757156 0.039055 -2.264926 4.573549 0.737937 0.424897
1.283198 0.354692 1.768741 0.037824 -2.288636 4.533415 0.751524 0.415836
1.276768 0.347952 1.780658 0.036560 -2.312127 4.491699 0.765105 0.408761
1.270144 0.341313 1.792898 0.035263 -2.335393 4.448425 0.778424 0.401437
1.263327 0.334777 1.805460 0.033921 -2.358420 4.402909 0.791374 0.393111
1.256319 0.328346 1.818323 0.032567 -2.381204 4.356366 0.804176 0.385772
1.249122 0.322023 1.831472 0.031205 -2.403740 4.308997 0.816617 0.378441
1.241737 0.315811 1.844902 0.029814 -2.426019 4.260006 0.828517 0.370107
1.234168 0.309711 1.858596 0.028410 -2.448037 4.209890 0.840035 0.362049
1.226414 0.303726 1.872535 0.027010 -2.469791 4.159380 0.851237 0.354544
1.218480 0.297859 1.886707 0.025609 -2.491277 4.108331 0.862015 0.346807
1.210366 0.292111 1.901102 0.024202 -2.512494 4.056656 0.872381 0.338905
1.202075 0.286484 1.915704 0.022799 -2.533438 4.004668 0.882377 0.331216
1.193609 0.280981 1.930505 0.021393 -2.554108 3.952108 0.892015 0.323268
1.184971 0.275603 1.945491 0.019996 -2.574502 3.899457 0.901388 0.315710
1.176162 0.270353 1.960656 0.018595 -2.594617 3.846203 0.910436 0.307735
1.167186 0.265232 1.975985 0.017212 -2.614455 3.793115 0.919289 0.300391
1.158043 0.260242 1.991470 0.015841 -2.634016 3.740023 0.927813 0.292948
1.148737 0.255384 2.007102 0.014473 -2.653297 3.686608 0.935937 0.285301
1.139270 0.250661 2.022871 0.013104 -2.672295 3.632556 0.943667 0.277435
1.129645 0.246073 2.038766 0.011743 -2.691008 3.578062 0.951106 0.269737
1.119864 0.241621 2.054777 0.010397 -2.709435 3.523297 0.958297 0.262207
1.109929 0.237307 2.070895 0.009070 -2.727575 3.468378 0.965222 0.254813
1.099843 0.233133 2.087111 0.007764 -2.745426 3.413318 0.971813 0.247488
1.089609 0.229098 2.103414 0.006470 -2.762987 3.357742 0.977993 0.239978
1.079229 0.225204 2.119796 0.005185 -2.780253 3.301316 0.983783 0.232305
1.068705 0.221451 2.136246 0.003918 -2.797220 3.244141 0.989224 0.224735
1.058041 0.217840 2.152746 0.002680 -2.813886 3.186614 0.994106 0.217433
1.047239 0.214372 2.169267 0.001471 -2.830249 3.128775 0.997845 0.210166
1.036302 0.211047 2.185744 0.000279 -2.846307 3.070327 0.998921 0.202650
1.025233 0.207865 2.202163 -0.000892 -2.862056 3.011153 0.999409 0.195167
1.014035 0.204826 2.218515 -0.002029 -2.877492 2.951519 0.999628 0.187935
1.002711 0.201930 2.234799 -0.003131 -2.892613 2.891197 0.999735 0.180721
0.991265 0.199177 2.251018 -0.004205 -2.907412 2.829651 0.999795 0.173373
0.979699 0.196566 2.267171 -0.005242 -2.921882 2.766809 0.999833 0.166089
0.968015 0.194096 2.283260 -0.006237 -2.936017 2.702615 0.999857 0.158870
0.956218 0.191767 2.299288 -0.007197 -2.949806 2.636427 0.999875 0.151464
0.944309 0.189577 2.315255 -0.008113 -2.963237 2.568156 0.999887 0.144079
0.932290 0.187524 2.331164 -0.008981 -2.976300 2.497630 0.999896 0.136681
0.920166 0.185608 2.347016 -0.009796 -2.988980 2.424589 0.999903 0.129232
0.907938 0.183825 2.362812 -0.010553 -3.001265 2.348930 0.999909 0.121785
0.895608 0.182173 2.378554 -0.011248 -3.013140 2.270430 0.999913 0.114296
0.883179 0.180649 2.394243 -0.011877 -3.024588 2.188946 0.999916 0.106789
0.870653 0.179251 2.409879 -0.012436 -3.035593 2.104315 0.999918 0.099255
0.858032 0.177975 2.425463 -0.012919 -3.046139 2.016409 0.999920 0.091703
0.845318 0.176817 2.440995 -0.013322 -3.056208 1.925158 0.999921 0.084148
0.832513 0.175773 2.456476 -0.013640 -3.065781 1.830518 0.999921 0.076595
0.819618 0.174838 2.471905 -0.013869 -3.074842 1.732477 0.999921 0.069055
0.806636 0.174008 2.487280 -0.014003 -3.083373 1.631071 0.999920 0.061539
0.793568 0.173277 2.502602 -0.014038 -3.091356 1.526397 0.999919 0.054061
0.780415 0.172641 2.517868 -0.013968 -3.098775 1.418631 0.999918 0.046645
0.767178 0.172092 2.533075 -0.013789 -3.105616 1.308054 0.999916 0.039319
0.753859 0.171625 2.548222 -0.013492 -3.111866 1.195061 0.999914 0.032115
0.740458 0.171234 2.563305 -0.013072 -3.117516 1.080185 0.999911 0.025077
0.726977 0.170912 2.578320 -0.012521 -3.122558 0.964133 0.999908 0.018259
0.713417 0.170652 2.593264 -0.011831 -3.126992 0.847808 0.999904 0.011729
0.699778 0.170448 2.608133 -0.010993 -3.130822 0.732283 0.999900 0.005556
0.686060 0.170292 2.622922 -0.010004 -3.134058 0.618647 0.999895 -0.000218
0.672266 0.170178 2.637629 -0.008875 -3.136712 0.507586 0.999889 -0.005637
0.658395 0.170100 2.652250 -0.007636 -3.138798 0.398742 0.999883 -0.010905
0.644448 0.170049 2.666781 -0.006331 -3.140319 0.290802 0.999876 -0.016256
0.630425 0.170019 2.681219 -0.004929 -3.141287 0.185207 0.999868 -0.021181
0.616327 0.170004 2.695561 -0.003255 -3.141761 0.090573 0.999859 -0.024083
0.602155 0.170000 2.709806 -0.001367 -3.141803 0.008022 0.999849 -0.026106
0.587909 0.170002 2.723953 0.000644 -3.141473 -0.063088 0.999839 -0.027584
0.573589 0.170008 2.738003 0.003020 -3.140903 -0.108924 0.999828 -0.025503
0.559196 0.170017 2.751956 0.005565 -3.140219 -0.130799 0.999817 -0.022362
0.544731 0.170028 2.765812 0.007884 -3.139479 -0.141568 0.999804 -0.020711
0.530194 0.170038 2.779573 0.009917 -3.138723 -0.144614 0.999791 -0.019252
0.515585 0.170046 2.793240 0.011690 -3.137988 -0.140374 0.999776 -0.017546
0.500905 0.170052 2.806815 0.013205 -3.137307 -0.130185 0.999760 -0.015806
0.486155 0.170056 2.820298 0.014456 -3.136702 -0.115804 0.999743 -0.014189
0.471334 0.170056 2.833691 0.015450 -3.136185 -0.098750 0.999724 -0.012734
0.456444 0.170054 2.846996 0.016206 -3.135766 -0.080168 0.999703 -0.011437
0.441485 0.170050 2.860212 0.016750 -3.135448 -0.060872 0.999680 -0.010281
0.426457 0.170044 2.873342 0.017109 -3.135231 -0.041409 0.999655 -0.009246
0.411361 0.170037 2.886385 0.017312 -3.135115 -0.022159 0.999629 -0.008319
0.396197 0.170029 2.899342 0.017383 -3.135097 -0.003467 0.999600 -0.007506
0.380966 0.170022 2.912214 0.017339 -3.135171 0.014186 0.999569 -0.006848
0.365668 0.170016 2.925002 0.017190 -3.135328 0.029904 0.999537 -0.006448
0.350304 0.170012 2.937706 0.016929 -3.135547 0.042009 0.999504 -0.006506
0.334873 0.170009 2.950327 0.016548 -3.135799 0.048074 0.999472 -0.007252
0.319377 0.170007 2.962866 0.016066 -3.136041 0.046246 0.999444 -0.008675
0.303816 0.170005 2.975322 0.015576 -3.136239 0.037996 0.999427 -0.010169
0.288190 0.170003 2.987696 0.015176 -3.136377 0.026273 0.999432 -0.011344
0.272500 0.170000 3.000000 0.014886 -3.136440 0.012040 1.000000 -0.012459
