x1 x2 v a psi kappa t
0.000000 
-0.010000 0.160000 1.120000 0.000000 3.141593 0.000000 0.000000
-0.020000 0.160000 1.120000 0.000000 3.141593 0.000000 0.008929
-0.030000 0.160000 1.120000 0.000000 3.141593 0.000000 0.017857
-0.040000 0.160000 1.120000 0.000000 3.141593 0.000000 0.026786
-0.050000 0.160000 1.120000 0.000000 3.141593 0.000000 0.035714
-0.060000 0.160000 1.120000 0.000000 3.141593 0.000000 0.044643
-0.070000 0.160000 1.120000 0.000000 3.141593 0.000000 0.053571
-0.080000 0.160000 1.120000 0.000000 3.141593 0.000000 0.062500
-0.090000 0.160000 1.120000 0.000000 3.141593 0.000000 0.071429
-0.100000 0.160000 1.120000 0.000000 3.141593 0.000000 0.080357
-0.110000 0.160000 1.120000 0.000000 3.141593 0.000000 0.089286
-0.120000 0.160000 1.120000 0.000000 3.141593 0.000000 0.098214
-0.130000 0.160000 1.120000 0.000000 3.141593 0.000000 0.107143
-0.140000 0.160000 1.120000 0.000000 3.141593 0.000000 0.116071
-0.150000 0.160000 1.120000 0.000000 3.141593 0.000000 0.125000
-0.160000 0.160000 1.120000 0.000000 3.141593 0.000000 0.133929
-0.170000 0.160000 1.120000 0.000000 3.141593 0.000000 0.142857
-0.180000 0.160000 1.120000 0.000000 3.141593 0.000000 0.151786
-0.190000 0.160000 1.120000 0.000000 3.141593 0.000000 0.160714
-0.200000 0.160000 1.120000 0.000000 3.141593 0.000000 0.169643
-0.210000 0.160000 1.120000 0.000000 3.141593 0.000000 0.178571
-0.220000 0.160000 1.120000 0.000000 3.141593 0.000000 0.187500
-0.230000 0.160000 1.120000 0.000000 3.141593 0.000000 0.196429
-0.240000 0.160000 1.120000 0.000000 3.141593 0.000000 0.205357
-0.250000 0.160000 1.120000 0.000000 3.141593 0.000000 0.214286
-0.260000 0.160000 1.120000 0.000000 3.141593 0.000000 0.223214
-0.270000 0.160000 1.120000 0.000000 3.141593 0.000000 0.232143
-0.280000 0.160000 1.120000 0.000000 3.141593 0.000000 0.241071
-0.290000 0.160000 1.120000 0.000000 3.141593 0.000000 0.250000
-0.300000 0.160000 1.120000 0.000000 3.141593 0.000000 0.258929
-0.310000 0.160000 1.120000 0.000000 3.141593 0.000000 0.267857
-0.320000 0.160000 1.120000 0.000000 3.141593 0.000000 0.276786
-0.330000 0.160000 1.120000 0.000000 3.141593 -0.013000 0.285714
-0.340000 0.160000 1.120000 0.000000 3.141463 -0.026000 0.294643
-0.350000 0.160001 1.120000 0.000000 3.141203 -0.039000 0.303571
-0.360000 0.160005 1.120000 0.000000 3.140813 -0.052000 0.312500
-0.370000 0.160013 1.120000 0.000000 3.140293 -0.065000 0.321429
-0.380000 0.160026 1.120000 0.000000 3.139643 -0.078000 0.330357
-0.390000 0.160045 1.120000 0.000000 3.138863 -0.091000 0.339286
-0.400000 0.160073 1.120000 0.000000 3.137953 -0.104000 0.348214
-0.410000 0.160109 1.120000 0.000000 3.136913 -0.117000 0.357143
-0.420000 0.160156 1.120000 0.000000 3.135743 -0.130000 0.366071
-0.430000 0.160214 1.120000 0.000000 3.134443 -0.143000 0.375000
-0.439999 0.160286 1.120000 0.000000 3.133013 -0.156000 0.383929
-0.449999 0.160372 1.120000 0.000000 3.131453 -0.169000 0.392857
-0.459998 0.160473 1.120000 0.000000 3.129763 -0.182000 0.401786
-0.469998 0.160591 1.120000 0.000000 3.127943 -0.195000 0.410714
-0.479997 0.160728 1.120000 0.000000 3.125993 -0.208000 0.419643
-0.489996 0.160884 1.120000 0.000000 3.123913 -0.221000 0.428571
-0.499994 0.161061 1.120000 0.000000 3.121703 -0.234000 0.437500
-0.509992 0.161260 1.120000 0.000000 3.119363 -0.247000 0.446429
-0.519990 0.161482 1.120000 0.000000 3.116893 -0.260000 0.455357
-0.529987 0.161729 1.120000 0.000000 3.114293 -0.273000 0.464286
-0.539983 0.162002 1.120000 0.000000 3.111563 -0.286000 0.473214
-0.549978 0.162302 1.120000 0.000000 3.108703 -0.299000 0.482143
-0.559973 0.162631 1.120000 0.000000 3.105713 -0.312000 0.491071
-0.569966 0.162990 1.120000 0.000000 3.102593 -0.325000 0.500000
-0.579959 0.163380 1.120000 0.000000 3.099343 -0.338000 0.508929
-0.589950 0.163802 1.120000 0.000000 3.095963 -0.351000 0.517857
-0.599940 0.164258 1.120000 0.000000 3.092453 -0.364000 0.526786
-0.609927 0.164749 1.120000 0.000000 3.088813 -0.377000 0.535714
-0.619914 0.165277 1.120000 0.000000 3.085043 -0.390000 0.544643
-0.629898 0.165842 1.120000 0.000000 3.081143 -0.403000 0.553571
-0.639879 0.166446 1.120000 0.000000 3.077113 -0.416000 0.562500
-0.649858 0.167091 1.120000 0.000000 3.072953 -0.429000 0.571429
-0.659835 0.167776 1.120000 0.000000 3.068663 -0.442000 0.580357
-0.669808 0.168505 1.120000 0.000000 3.064243 -0.455000 0.589286
-0.679778 0.169278 1.120000 0.000000 3.059693 -0.468000 0.598214
-0.689745 0.170096 1.120000 0.000000 3.055013 -0.481000 0.607143
-0.699707 0.170961 1.120000 0.000000 3.050203 -0.494000 0.616071
-0.709666 0.171873 1.120000 0.000000 3.045263 -0.507000 0.625000
-0.719619 0.172835 1.120000 0.000000 3.040193 -0.520000 0.633929
-0.729568 0.173847 1.120000 0.000000 3.034993 -0.533000 0.642857
-0.739511 0.174911 1.120000 0.000000 3.029663 -0.546000 0.651786
-0.749449 0.176028 1.120000 0.000000 3.024203 -0.559000 0.660714
-0.759380 0.177199 1.120000 0.000000 3.018613 -0.572000 0.669643
-0.769304 0.178426 1.120000 0.000000 3.012893 -0.585000 0.678571
-0.779222 0.179710 1.120000 0.000000 3.007043 -0.598000 0.687500
-0.789131 0.181051 1.120000 0.000000 3.001063 -0.611000 0.696429
-0.799033 0.182452 1.120000 0.000000 2.994953 -0.624000 0.705357
-0.808925 0.183913 1.120000 0.000000 2.988713 -0.637000 0.714286
-0.818809 0.185436 1.120000 0.000000 2.982343 -0.650000 0.723214
-0.828682 0.187022 1.120000 0.000000 2.975843 -0.663000 0.732143
-0.838545 0.188671 1.120000 0.000000 2.969213 -0.676000 0.741071
-0.848397 0.190387 1.120000 0.000000 2.962453 -0.689000 0.750000
-0.858237 0.192169 1.120000 0.000000 2.955563 -0.702000 0.758929
-0.868064 0.194018 1.120000 0.000000 2.948543 -0.715000 0.767857
-0.877879 0.195937 1.120000 0.000000 2.941393 -0.728000 0.776786
-0.887679 0.197925 1.120000 0.000000 2.934113 -0.741000 0.785714
-0.897464 0.199985 1.120000 0.000000 2.926703 -0.754000 0.794643
-0.907234 0.202118 1.120000 0.000000 2.919163 -0.767000 0.803571
-0.916988 0.204324 1.120000 0.000000 2.911493 -0.780000 0.812500
-0.926724 0.206604 1.120000 0.000000 2.903693 -0.793000 0.821429
-0.936443 0.208961 1.120000 0.000000 2.895763 -0.806000 0.830357
-0.946142 0.211395 1.120000 0.000000 2.887703 -0.819000 0.839286
-0.955822 0.213906 1.120000 0.000000 2.879513 -0.832000 0.848214
-0.965480 0.216497 1.120000 0.000000 2.871193 -0.845000 0.857143
-0.975117 0.219168 1.120000 0.000000 2.862743 -0.858000 0.866071
-0.984731 0.221921 1.120000 0.000000 2.854163 -0.871000 0.875000
-0.994320 0.224756 1.120000 0.000000 2.845453 -0.884000 0.883929
-1.003885 0.227674 1.120000 0.000000 2.836613 -0.897000 0.892857
-1.013423 0.230677 1.120000 0.000000 2.827643 -0.910000 0.901786
-1.022935 0.233765 1.120000 0.000000 2.818543 -0.923000 0.910714
-1.032417 0.236940 1.120000 0.000000 2.809313 -0.936000 0.919643
-1.041870 0.240202 1.120000 0.000000 2.799953 -0.949000 0.928571
-1.051292 0.243552 1.120000 0.000000 2.790463 -0.962000 0.937500
-1.060682 0.246992 1.120000 0.000000 2.780843 -0.975000 0.946429
-1.070039 0.250521 1.120000 0.000000 2.771093 -0.988000 0.955357
-1.079360 0.254142 1.120000 0.000000 2.761213 -1.001000 0.964286
-1.088645 0.257855 1.120000 0.000000 2.751203 -1.014000 0.973214
-1.097893 0.261660 1.120000 0.000000 2.741063 -1.027000 0.982143
-1.107102 0.265559 1.120000 0.000000 2.730793 -1.040000 0.991071
-1.116270 0.269553 1.120000 0.000000 2.720393 -1.053000 1.000000
-1.125396 0.273641 1.120000 0.000000 2.709863 -1.066000 1.008929
-1.134478 0.277826 1.120000 0.000000 2.699203 -1.079000 1.017857
-1.143515 0.282107 1.120000 0.000000 2.688413 -1.092000 1.026786
-1.152506 0.286485 1.120000 0.000000 2.677493 -1.105000 1.035714
-1.161448 0.290961 1.120000 0.000000 2.666443 -1.118000 1.044643
-1.170340 0.295536 1.120000 0.000000 2.655263 -1.131000 1.053571
-1.179181 0.300210 1.120000 0.000000 2.643953 -1.144000 1.062500
-1.187968 0.304983 1.120000 0.000000 2.632513 -1.157000 1.071429
-1.196700 0.309857 1.120000 0.000000 2.620943 -1.170000 1.080357
-1.205375 0.314832 1.120000 0.000000 2.609243 -1.183000 1.089286
-1.213991 0.319907 1.120000 0.000000 2.597413 -1.196000 1.098214
-1.222547 0.325084 1.120000 0.000000 2.585453 -1.209000 1.107143
-1.231040 0.330363 1.120000 0.000000 2.573363 -1.222000 1.116071
-1.239468 0.335745 1.120000 0.000000 2.561143 -1.235000 1.125000
-1.247830 0.341229 1.120000 0.000000 2.548793 -1.248000 1.133929
-1.256124 0.346816 1.120000 0.000000 2.536313 -1.261000 1.142857
-1.264348 0.352506 1.120000 0.000000 2.523703 -1.274000 1.151786
-1.272499 0.358299 1.120000 0.000000 2.510963 -1.287000 1.160714
-1.280575 0.364195 1.120000 0.000000 2.498093 -1.300000 1.169643
-1.288575 0.370195 1.120000 0.000000 2.485093 -1.313000 1.178571
-1.296496 0.376299 1.120000 0.000000 2.471963 -1.326000 1.187500
-1.304337 0.382506 1.120000 0.000000 2.458703 -1.339000 1.196429
-1.312094 0.388816 1.120000 0.000000 2.445313 -1.352000 1.205357
-1.319767 0.395230 1.120000 0.000000 2.431793 -1.365000 1.214286
-1.327352 0.401747 1.120000 0.000000 2.418143 -1.378000 1.223214
-1.334847 0.408366 1.120000 0.000000 2.404363 -1.391000 1.232143
-1.342250 0.415089 1.120000 0.000000 2.390453 -1.404000 1.241071
-1.349559 0.421914 1.120000 0.000000 2.376413 -1.417000 1.250000
-1.356772 0.428840 1.120000 0.000000 2.362243 -1.430000 1.258929
-1.363886 0.435868 1.120000 0.000000 2.347943 -1.443000 1.267857
-1.370898 0.442998 1.120000 0.000000 2.333513 -1.430000 1.276786
-1.377807 0.450227 1.120000 0.000000 2.319213 -1.417000 1.285714
-1.384612 0.457555 1.120000 0.000000 2.305043 -1.404000 1.294643
-1.391312 0.464978 1.120000 0.000000 2.291003 -1.391000 1.303571
-1.397908 0.472495 1.120000 0.000000 2.277093 -1.378000 1.312500
-1.404398 0.480103 1.120000 0.000000 2.263313 -1.365000 1.321429
-1.410783 0.487799 1.120000 0.000000 2.249663 -1.352000 1.330357
-1.417062 0.495582 1.120000 0.000000 2.236143 -1.339000 1.339286
-1.423235 0.503449 1.120000 0.000000 2.222753 -1.326000 1.348214
-1.429302 0.511398 1.120000 0.000000 2.209493 -1.313000 1.357143
-1.435264 0.519427 1.120000 0.000000 2.196363 -1.300000 1.366071
-1.441119 0.527533 1.120000 0.000000 2.183363 -1.287000 1.375000
-1.446869 0.535715 1.120000 0.000000 2.170493 -1.274000 1.383929
-1.452513 0.543970 1.120000 0.000000 2.157753 -1.261000 1.392857
-1.458051 0.552296 1.120000 0.000000 2.145143 -1.248000 1.401786
-1.463484 0.560692 1.120000 0.000000 2.132663 -1.235000 1.410714
-1.468812 0.569154 1.120000 0.000000 2.120313 -1.222000 1.419643
-1.474035 0.577682 1.120000 0.000000 2.108093 -1.209000 1.428571
-1.479153 0.586273 1.120000 0.000000 2.096003 -1.196000 1.437500
-1.484167 0.594925 1.120000 0.000000 2.084043 -1.183000 1.446429
-1.489077 0.603637 1.120000 0.000000 2.072213 -1.170000 1.455357
-1.493883 0.612406 1.120000 0.000000 2.060513 -1.157000 1.464286
-1.498587 0.621230 1.120000 0.000000 2.048943 -1.144000 1.473214
-1.503189 0.630109 1.120000 0.000000 2.037503 -1.131000 1.482143
-1.507688 0.639039 1.120000 0.000000 2.026193 -1.118000 1.491071
-1.512086 0.648020 1.120000 0.000000 2.015013 -1.105000 1.500000
-1.516384 0.657050 1.120000 0.000000 2.003963 -1.092000 1.508929
-1.520581 0.666126 1.120000 0.000000 1.993043 -1.079000 1.517857
-1.524679 0.675248 1.120000 0.000000 1.982253 -1.066000 1.526786
-1.528679 0.684413 1.120000 0.000000 1.971593 -1.053000 1.535714
-1.532580 0.693621 1.120000 0.000000 1.961063 -1.040000 1.544643
-1.536385 0.702869 1.120000 0.000000 1.950663 -1.027000 1.553571
-1.540093 0.712156 1.120000 0.000000 1.940393 -1.014000 1.562500
-1.543705 0.721481 1.120000 0.000000 1.930253 -1.001000 1.571429
-1.547223 0.730842 1.120000 0.000000 1.920243 -0.988000 1.580357
-1.550646 0.740237 1.120000 0.000000 1.910363 -0.975000 1.589286
-1.553977 0.749666 1.120000 0.000000 1.900613 -0.962000 1.598214
-1.557216 0.759127 1.120000 0.000000 1.890993 -0.949000 1.607143
-1.560363 0.768619 1.120000 0.000000 1.881503 -0.936000 1.616071
-1.563421 0.778140 1.120000 0.000000 1.872143 -0.923000 1.625000
-1.566389 0.787690 1.120000 0.000000 1.862913 -0.910000 1.633929
-1.569269 0.797266 1.120000 0.000000 1.853813 -0.897000 1.642857
-1.572061 0.806868 1.120000 0.000000 1.844843 -0.884000 1.651786
-1.574767 0.816495 1.120000 0.000000 1.836003 -0.871000 1.660714
-1.577388 0.826145 1.120000 0.000000 1.827293 -0.858000 1.669643
-1.579925 0.835818 1.120000 0.000000 1.818713 -0.845000 1.678571
-1.582379 0.845512 1.120000 0.000000 1.810263 -0.832000 1.687500
-1.584751 0.855227 1.120000 0.000000 1.801943 -0.819000 1.696429
-1.587042 0.864961 1.120000 0.000000 1.793753 -0.806000 1.705357
-1.589253 0.874714 1.120000 0.000000 1.785693 -0.793000 1.714286
-1.591386 0.884484 1.120000 0.000000 1.777763 -0.780000 1.723214
-1.593440 0.894270 1.120000 0.000000 1.769963 -0.767000 1.732143
-1.595419 0.904072 1.120000 0.000000 1.762293 -0.754000 1.741071
-1.597322 0.913890 1.120000 0.000000 1.754753 -0.741000 1.750000
-1.599152 0.923721 1.120000 0.000000 1.747343 -0.728000 1.758929
-1.600908 0.933565 1.120000 0.000000 1.740063 -0.715000 1.767857
-1.602592 0.943423 1.120000 0.000000 1.732913 -0.702000 1.776786
-1.604206 0.953291 1.120000 0.000000 1.725893 -0.689000 1.785714
-1.605751 0.963171 1.120000 0.000000 1.719003 -0.676000 1.794643
-1.607228 0.973062 1.120000 0.000000 1.712243 -0.663000 1.803571
-1.608638 0.982962 1.120000 0.000000 1.705613 -0.650000 1.812500
-1.609982 0.992871 1.120000 0.000000 1.699113 -0.637000 1.821429
-1.611261 1.002789 1.120000 0.000000 1.692743 -0.624000 1.830357
-1.612478 1.012715 1.120000 0.000000 1.686503 -0.611000 1.839286
-1.613632 1.022648 1.120000 0.000000 1.680393 -0.598000 1.848214
-1.614726 1.032588 1.120000 0.000000 1.674413 -0.585000 1.857143
-1.615760 1.042534 1.120000 0.000000 1.668563 -0.572000 1.866071
-1.616736 1.052486 1.120000 0.000000 1.662843 -0.559000 1.875000
-1.617656 1.062444 1.120000 0.000000 1.657253 -0.546000 1.883929
-1.618519 1.072407 1.120000 0.000000 1.651793 -0.533000 1.892857
-1.619328 1.082374 1.120000 0.000000 1.646463 -0.520000 1.901786
-1.620084 1.092345 1.120000 0.000000 1.641263 -0.507000 1.910714
-1.620788 1.102321 1.120000 0.000000 1.636193 -0.494000 1.919643
-1.621442 1.112299 1.120000 0.000000 1.631253 -0.481000 1.928571
-1.622046 1.122281 1.120000 0.000000 1.626443 -0.468000 1.937500
-1.622602 1.132265 1.120000 0.000000 1.621763 -0.455000 1.946429
-1.623112 1.142252 1.120000 0.000000 1.617213 -0.442000 1.955357
-1.623576 1.152242 1.120000 0.000000 1.612793 -0.429000 1.964286
-1.623995 1.162233 1.120000 0.000000 1.608503 -0.416000 1.973214
-1.624372 1.172226 1.120000 0.000000 1.604343 -0.403000 1.982143
-1.624708 1.182220 1.120000 0.000000 1.600313 -0.390000 1.991071
-1.625003 1.192216 1.120000 0.000000 1.596413 -0.377000 2.000000
-1.625259 1.202212 1.120000 0.000000 1.592643 -0.364000 2.008929
-1.625477 1.212210 1.120000 0.000000 1.589003 -0.351000 2.017857
-1.625659 1.222208 1.120000 0.000000 1.585493 -0.338000 2.026786
-1.625806 1.232207 1.120000 0.000000 1.582113 -0.325000 2.035714
-1.625920 1.242207 1.120000 0.000000 1.578863 -0.312000 2.044643
-1.626000 1.252206 1.120000 0.000000 1.575743 -0.299000 2.053571
-1.626050 1.262206 1.120000 0.000000 1.572753 -0.286000 2.062500
-1.626069 1.272206 1.120000 0.000000 1.569893 -0.273000 2.071429
-1.626069 1.282206 1.120000 0.000000 1.570796 0.000000 2.080357
-1.626069 1.292206 1.120000 0.000000 1.570796 0.000000 2.089286
-1.626069 1.302206 1.120000 0.000000 1.570796 0.000000 2.098214
-1.626069 1.312206 1.120000 0.000000 1.570796 0.000000 2.107143
-1.626069 1.322206 1.120000 0.000000 1.570796 0.000000 2.116071
-1.626069 1.332206 1.120000 0.000000 1.570796 0.000000 2.125000
-1.626069 1.342206 1.120000 0.000000 1.570796 0.000000 2.133929
-1.626069 1.352206 1.120000 0.000000 1.570796 0.000000 2.142857
-1.626069 1.362206 1.120000 0.000000 1.570796 0.000000 2.151786
-1.626069 1.372206 1.120000 0.000000 1.570796 0.000000 2.160714
-1.626069 1.382206 1.120000 0.000000 1.570796 0.000000 2.169643
-1.626069 1.392206 1.120000 0.000000 1.570796 0.000000 2.178571
-1.626069 1.402206 1.120000 0.000000 1.570796 0.000000 2.187500
-1.626069 1.412206 1.120000 0.000000 1.570796 0.000000 2.196429
-1.626069 1.422206 1.120000 0.000000 1.570796 0.000000 2.205357
-1.626069 1.432206 1.120000 0.000000 1.570796 0.000000 2.214286
-1.626069 1.442206 1.120000 0.000000 1.570796 0.000000 2.223214
-1.626069 1.452206 1.120000 0.000000 1.570796 0.000000 2.232143
-1.626069 1.462206 1.120000 0.000000 1.570796 0.000000 2.241071
-1.626069 1.472206 1.120000 0.000000 1.570796 0.000000 2.250000
-1.626069 1.482206 1.120000 0.000000 1.570796 0.000000 2.258929
-1.626069 1.492206 1.120000 0.000000 1.570796 0.000000 2.267857
-1.626069 1.502206 1.120000 0.000000 1.570796 0.000000 2.276786
-1.626069 1.512206 1.120000 0.000000 1.570796 0.000000 2.285714
-1.626069 1.522206 1.120000 0.000000 1.570796 0.000000 2.294643
-1.626069 1.532206 1.120000 0.000000 1.570796 0.000000 2.303571
-1.626069 1.542206 1.120000 0.000000 1.570796 0.000000 2.312500
-1.626069 1.552206 1.120000 0.000000 1.570796 0.000000 2.321429
-1.626069 1.562206 1.120000 0.000000 1.570796 0.000000 2.330357
-1.626069 1.572206 1.120000 0.000000 1.570796 0.000000 2.339286
-1.626069 1.582206 1.120000 0.000000 1.570796 0.000000 2.348214
-1.626069 1.592206 1.120000 0.000000 1.570796 -0.050000 2.357143
-1.626069 1.602206 1.120000 0.000000 1.570296 -0.100000 2.366071
-1.626064 1.612206 1.120000 0.000000 1.569296 -0.150000 2.375000
-1.626049 1.622206 1.120000 0.000000 1.567796 -0.200000 2.383929
-1.626019 1.632206 1.120000 0.000000 1.565796 -0.250000 2.392857
-1.625969 1.642206 1.120000 0.000000 1.563296 -0.300000 2.401786
-1.625894 1.652206 1.120000 0.000000 1.560296 -0.350000 2.410714
-1.625789 1.662205 1.120000 0.000000 1.556796 -0.400000 2.419643
-1.625649 1.672204 1.120000 0.000000 1.552796 -0.450000 2.428571
-1.625469 1.682203 1.120000 0.000000 1.548296 -0.500000 2.437500
-1.625244 1.692200 1.120000 0.000000 1.543296 -0.550000 2.446429
-1.624969 1.702196 1.120000 0.000000 1.537796 -0.600000 2.455357
-1.624639 1.712191 1.120000 0.000000 1.531796 -0.650000 2.464286
-1.624250 1.722183 1.120000 0.000000 1.525296 -0.700000 2.473214
-1.623795 1.732173 1.120000 0.000000 1.518296 -0.750000 2.482143
-1.623270 1.742159 1.120000 0.000000 1.510796 -0.800000 2.491071
-1.622670 1.752141 1.120000 0.000000 1.502796 -0.850000 2.500000
-1.621991 1.762118 1.120000 0.000000 1.494296 -0.900000 2.508929
-1.621227 1.772089 1.120000 0.000000 1.485296 -0.950000 2.517857
-1.620373 1.782052 1.120000 0.000000 1.475796 -1.000000 2.526786
-1.619424 1.792007 1.120000 0.000000 1.465796 -1.050000 2.535714
-1.618376 1.801952 1.120000 0.000000 1.455296 -1.100000 2.544643
-1.617224 1.811885 1.120000 0.000000 1.444296 -1.150000 2.553571
-1.615962 1.821806 1.120000 0.000000 1.432796 -1.200000 2.562500
-1.614586 1.831711 1.120000 0.000000 1.420796 -1.250000 2.571429
-1.613092 1.841598 1.120000 0.000000 1.408296 -1.300000 2.580357
-1.611474 1.851466 1.120000 0.000000 1.395296 -1.350000 2.589286
-1.609728 1.861313 1.120000 0.000000 1.381796 -1.400000 2.598214
-1.607849 1.871135 1.120000 0.000000 1.367796 -1.450000 2.607143
-1.605833 1.880929 1.120000 0.000000 1.353296 -1.500000 2.616071
-1.603675 1.890694 1.120000 0.000000 1.338296 -1.550000 2.625000
-1.601371 1.900425 1.120000 0.000000 1.322796 -1.600000 2.633929
-1.598917 1.910119 1.120000 0.000000 1.306796 -1.650000 2.642857
-1.596307 1.919772 1.120000 0.000000 1.290296 -1.700000 2.651786
-1.593539 1.929382 1.120000 0.000000 1.273296 -1.750000 2.660714
-1.590607 1.938942 1.120000 0.000000 1.255796 -1.800000 2.669643
-1.587509 1.948450 1.120000 0.000000 1.237796 -1.850000 2.678571
-1.584240 1.957901 1.120000 0.000000 1.219296 -1.900000 2.687500
-1.580797 1.967289 1.120000 0.000000 1.200296 -1.950000 2.696429
-1.577177 1.976611 1.120000 0.000000 1.180796 -2.000000 2.705357
-1.573375 1.985860 1.120000 0.000000 1.160796 -2.050000 2.714286
-1.569389 1.995031 1.120000 0.000000 1.140296 -2.100000 2.723214
-1.565215 2.004119 1.120000 0.000000 1.119296 -2.150000 2.732143
-1.560852 2.013117 1.120000 0.000000 1.097796 -2.200000 2.741071
-1.556297 2.022019 1.120000 0.000000 1.075796 -2.250000 2.750000
-1.551546 2.030818 1.120000 0.000000 1.053296 -2.300000 2.758929
-1.546599 2.039509 1.120000 0.000000 1.030296 -2.350000 2.767857
-1.541454 2.048084 1.120000 0.000000 1.006796 -2.400000 2.776786
-1.536108 2.056535 1.120000 0.000000 0.982796 -2.450000 2.785714
-1.530561 2.064855 1.120000 0.000000 0.958296 -2.500000 2.794643
-1.524812 2.073037 1.120000 0.000000 0.933296 -2.550000 2.803571
-1.518860 2.081073 1.120000 0.000000 0.907796 -2.600000 2.812500
-1.512705 2.088955 1.120000 0.000000 0.881796 -2.650000 2.821429
-1.506347 2.096674 1.120000 0.000000 0.855296 -2.700000 2.830357
-1.499787 2.104221 1.120000 0.000000 0.828296 -2.750000 2.839286
-1.493026 2.111589 1.120000 0.000000 0.800796 -2.800000 2.848214
-1.486065 2.118768 1.120000 0.000000 0.772796 -2.850000 2.857143
-1.478905 2.125750 1.120000 0.000000 0.744296 -2.900000 2.866071
-1.471549 2.132524 1.120000 0.000000 0.715296 -2.950000 2.875000
-1.464000 2.139083 1.120000 0.000000 0.685796 -3.000000 2.883929
-1.456261 2.145415 1.120000 0.000000 0.655796 -3.050000 2.892857
-1.448336 2.151513 1.120000 0.000000 0.625296 -3.100000 2.901786
-1.440228 2.157367 1.120000 0.000000 0.594296 -3.150000 2.910714
-1.431942 2.162966 1.120000 0.000000 0.562796 -3.200000 2.919643
-1.423485 2.168302 1.120000 0.000000 0.530796 -3.250000 2.928571
-1.414861 2.173364 1.120000 0.000000 0.498296 -3.300000 2.937500
-1.406077 2.178143 1.120000 0.000000 0.465296 -3.350000 2.946429
-1.397140 2.182630 1.120000 0.000000 0.431796 -3.400000 2.955357
-1.388058 2.186815 1.120000 0.000000 0.397796 -3.450000 2.964286
-1.378838 2.190689 1.120000 0.000000 0.363296 -3.500000 2.973214
-1.369491 2.194242 1.120000 0.000000 0.328296 -3.550000 2.982143
-1.360025 2.197467 1.120000 0.000000 0.292796 -3.600000 2.991071
-1.350451 2.200353 1.120000 0.000000 0.256796 -3.650000 3.000000
-1.340779 2.202893 1.120000 0.000000 0.220296 -3.700000 3.008929
-1.331020 2.205078 1.120000 0.000000 0.183296 -3.750000 3.017857
-1.321188 2.206901 1.120000 0.000000 0.145796 -3.800000 3.026786
-1.311294 2.208354 1.120000 0.000000 0.107796 -3.850000 3.035714
-1.301352 2.209429 1.120000 0.000000 0.069296 -3.900000 3.044643
-1.291376 2.210122 1.120000 0.000000 0.030296 -3.950000 3.053571
-1.281381 2.210425 1.120000 0.000000 -0.009204 -4.000000 3.062500
-1.271381 2.210333 1.120000 0.000000 -0.049204 -3.950000 3.071429
-1.261393 2.209841 1.120000 0.000000 -0.088704 -3.900000 3.080357
-1.251432 2.208955 1.120000 0.000000 -0.127704 -3.850000 3.089286
-1.241514 2.207681 1.120000 0.000000 -0.166204 -3.800000 3.098214
-1.231652 2.206027 1.120000 0.000000 -0.204204 -3.750000 3.107143
-1.221859 2.203999 1.120000 0.000000 -0.241704 -3.700000 3.116071
-1.212150 2.201606 1.120000 0.000000 -0.278704 -3.650000 3.125000
-1.202536 2.198855 1.120000 0.000000 -0.315204 -3.600000 3.133929
-1.193029 2.195754 1.120000 0.000000 -0.351204 -3.550000 3.142857
-1.183639 2.192314 1.120000 0.000000 -0.386704 -3.500000 3.151786
-1.174378 2.188543 1.120000 0.000000 -0.421704 -3.450000 3.160714
-1.165254 2.184450 1.120000 0.000000 -0.456204 -3.400000 3.169643
-1.156276 2.180044 1.120000 0.000000 -0.490204 -3.350000 3.178571
-1.147454 2.175336 1.120000 0.000000 -0.523704 -3.300000 3.187500
-1.138794 2.170335 1.120000 0.000000 -0.556704 -3.250000 3.196429
-1.130304 2.165051 1.120000 0.000000 -0.589204 -3.200000 3.205357
-1.121990 2.159494 1.120000 0.000000 -0.621204 -3.150000 3.214286
-1.113859 2.153674 1.120000 0.000000 -0.652704 -3.100000 3.223214
-1.105914 2.147601 1.120000 0.000000 -0.683704 -3.050000 3.232143
-1.098162 2.141284 1.120000 0.000000 -0.714204 -3.000000 3.241071
-1.090606 2.134734 1.120000 0.000000 -0.744204 -2.950000 3.250000
-1.083249 2.127960 1.120000 0.000000 -0.773704 -2.900000 3.258929
-1.076096 2.120972 1.120000 0.000000 -0.802704 -2.850000 3.267857
-1.069148 2.113780 1.120000 0.000000 -0.831204 -2.800000 3.276786
-1.062409 2.106392 1.120000 0.000000 -0.859204 -2.750000 3.285714
-1.055878 2.098819 1.120000 0.000000 -0.886704 -2.700000 3.294643
-1.049558 2.091069 1.120000 0.000000 -0.913704 -2.650000 3.303571
-1.043450 2.083152 1.120000 0.000000 -0.940204 -2.600000 3.312500
-1.037554 2.075075 1.120000 0.000000 -0.966204 -2.550000 3.321429
-1.031870 2.066847 1.120000 0.000000 -0.991704 -2.500000 3.330357
-1.026397 2.058478 1.120000 0.000000 -1.016704 -2.450000 3.339286
-1.021135 2.049974 1.120000 0.000000 -1.041204 -2.400000 3.348214
-1.016084 2.041344 1.120000 0.000000 -1.065204 -2.350000 3.357143
-1.011240 2.032595 1.120000 0.000000 -1.088704 -2.300000 3.366071
-1.006604 2.023735 1.120000 0.000000 -1.111704 -2.250000 3.375000
-1.002173 2.014770 1.120000 0.000000 -1.134204 -2.200000 3.383929
-0.997944 2.005708 1.120000 0.000000 -1.156204 -2.150000 3.392857
-0.993916 1.996555 1.120000 0.000000 -1.177704 -2.100000 3.401786
-0.990085 1.987318 1.120000 0.000000 -1.198704 -2.050000 3.410714
-0.986450 1.978002 1.120000 0.000000 -1.219204 -2.000000 3.419643
-0.983006 1.968614 1.120000 0.000000 -1.239204 -1.950000 3.428571
-0.979750 1.959159 1.120000 0.000000 -1.258704 -1.900000 3.437500
-0.976680 1.949642 1.120000 0.000000 -1.277704 -1.850000 3.446429
-0.973791 1.940068 1.120000 0.000000 -1.296204 -1.800000 3.455357
-0.971079 1.930443 1.120000 0.000000 -1.314204 -1.750000 3.464286
-0.968541 1.920770 1.120000 0.000000 -1.331704 -1.700000 3.473214
-0.966173 1.911055 1.120000 0.000000 -1.348704 -1.650000 3.482143
-0.963970 1.901301 1.120000 0.000000 -1.365204 -1.600000 3.491071
-0.961929 1.891511 1.120000 0.000000 -1.381204 -1.550000 3.500000
-0.960044 1.881690 1.120000 0.000000 -1.396704 -1.500000 3.508929
-0.958312 1.871842 1.120000 0.000000 -1.411704 -1.450000 3.517857
-0.956728 1.861968 1.120000 0.000000 -1.426204 -1.400000 3.526786
-0.955287 1.852072 1.120000 0.000000 -1.440204 -1.350000 3.535714
-0.953985 1.842157 1.120000 0.000000 -1.453704 -1.300000 3.544643
-0.952817 1.832226 1.120000 0.000000 -1.466704 -1.250000 3.553571
-0.951777 1.822280 1.120000 0.000000 -1.479204 -1.200000 3.562500
-0.950863 1.812322 1.120000 0.000000 -1.491204 -1.150000 3.571429
-0.950068 1.802353 1.120000 0.000000 -1.502704 -1.100000 3.580357
-0.949387 1.792377 1.120000 0.000000 -1.513704 -1.050000 3.589286
-0.948817 1.782393 1.120000 0.000000 -1.524204 -1.000000 3.598214
-0.948351 1.772404 1.120000 0.000000 -1.534204 -0.950000 3.607143
-0.947985 1.762411 1.120000 0.000000 -1.543704 -0.900000 3.616071
-0.947714 1.752414 1.120000 0.000000 -1.552704 -0.850000 3.625000
-0.947533 1.742416 1.120000 0.000000 -1.561204 -0.800000 3.633929
-0.947437 1.732416 1.120000 0.000000 -1.569204 -0.750000 3.642857
-0.947421 1.722416 1.120000 0.000000 -1.576704 -0.700000 3.651786
-0.947421 1.712416 1.120000 0.000000 -1.570796 0.000000 3.660714
-0.947421 1.702416 1.120000 0.000000 -1.570796 0.000000 3.669643
-0.947421 1.692416 1.120000 0.000000 -1.570796 0.000000 3.678571
-0.947421 1.682416 1.120000 0.000000 -1.570796 0.000000 3.687500
-0.947421 1.672416 1.120000 0.000000 -1.570796 0.000000 3.696429
-0.947421 1.662416 1.120000 0.000000 -1.570796 0.000000 3.705357
-0.947421 1.652416 1.120000 0.000000 -1.570796 0.000000 3.714286
-0.947421 1.642416 1.120000 0.000000 -1.570796 0.000000 3.723214
-0.947421 1.632416 1.120000 0.000000 -1.570796 0.000000 3.732143
-0.947421 1.622416 1.120000 0.000000 -1.570796 0.000000 3.741071
-0.947421 1.612416 1.120000 0.000000 -1.570796 0.000000 3.750000
-0.947421 1.602416 1.120000 0.000000 -1.570796 0.000000 3.758929
-0.947421 1.592416 1.120000 0.000000 -1.570796 0.000000 3.767857
-0.947421 1.582416 1.120000 0.000000 -1.570796 0.000000 3.776786
-0.947421 1.572416 1.120000 0.000000 -1.570796 0.000000 3.785714
-0.947421 1.562416 1.120000 0.000000 -1.570796 0.000000 3.794643
-0.947421 1.552416 1.120000 0.000000 -1.570796 0.000000 3.803571
-0.947421 1.542416 1.120000 0.000000 -1.570796 0.000000 3.812500
-0.947421 1.532416 1.120000 0.000000 -1.570796 0.000000 3.821429
-0.947421 1.522416 1.120000 0.000000 -1.570796 0.000000 3.830357
-0.947421 1.512416 1.120000 0.000000 -1.570796 0.000000 3.839286
-0.947421 1.502416 1.120000 0.000000 -1.570796 0.000000 3.848214
-0.947421 1.492416 1.120000 0.000000 -1.570796 0.000000 3.857143
-0.947421 1.482416 1.120000 0.000000 -1.570796 0.000000 3.866071
-0.947421 1.472416 1.120000 0.000000 -1.570796 0.000000 3.875000
-0.947421 1.462416 1.120000 0.000000 -1.570796 0.000000 3.883929
-0.947421 1.452416 1.120000 0.000000 -1.570796 0.000000 3.892857
-0.947421 1.442416 1.120000 0.000000 -1.570796 0.000000 3.901786
-0.947421 1.432416 1.120000 0.000000 -1.570796 0.000000 3.910714
-0.947421 1.422416 1.120000 0.000000 -1.570796 0.000000 3.919643
-0.947421 1.412416 1.120000 0.000000 -1.570796 0.050000 3.928571
-0.947421 1.402416 1.120000 0.000000 -1.570296 0.100000 3.937500
-0.947416 1.392416 1.120000 0.000000 -1.569296 0.150000 3.946429
-0.947401 1.382416 1.120000 0.000000 -1.567796 0.200000 3.955357
-0.947371 1.372416 1.120000 0.000000 -1.565796 0.250000 3.964286
-0.947321 1.362416 1.120000 0.000000 -1.563296 0.300000 3.973214
-0.947246 1.352417 1.120000 0.000000 -1.560296 0.350000 3.982143
-0.947141 1.342417 1.120000 0.000000 -1.556796 0.400000 3.991071
-0.947001 1.332418 1.120000 0.000000 -1.552796 0.450000 4.000000
-0.946821 1.322420 1.120000 0.000000 -1.548296 0.500000 4.008929
-0.946597 1.312422 1.120000 0.000000 -1.543296 0.550000 4.017857
-0.946322 1.302426 1.120000 0.000000 -1.537796 0.600000 4.026786
-0.945992 1.292432 1.120000 0.000000 -1.531796 0.650000 4.035714
-0.945602 1.282439 1.120000 0.000000 -1.525296 0.700000 4.044643
-0.945147 1.272450 1.120000 0.000000 -1.518296 0.750000 4.053571
-0.944622 1.262463 1.120000 0.000000 -1.510796 0.800000 4.062500
-0.944022 1.252481 1.120000 0.000000 -1.502796 0.850000 4.071429
-0.943343 1.242504 1.120000 0.000000 -1.494296 0.900000 4.080357
-0.942579 1.232534 1.120000 0.000000 -1.485296 0.950000 4.089286
-0.941725 1.222570 1.120000 0.000000 -1.475796 1.000000 4.098214
-0.940776 1.212615 1.120000 0.000000 -1.465796 1.050000 4.107143
-0.939728 1.202670 1.120000 0.000000 -1.455296 1.100000 4.116071
-0.938576 1.192737 1.120000 0.000000 -1.444296 1.150000 4.125000
-0.937314 1.182817 1.120000 0.000000 -1.432796 1.200000 4.133929
-0.935938 1.172912 1.120000 0.000000 -1.420796 1.250000 4.142857
-0.934444 1.163024 1.120000 0.000000 -1.408296 1.300000 4.151786
-0.932826 1.153156 1.120000 0.000000 -1.395296 1.350000 4.160714
-0.931080 1.143310 1.120000 0.000000 -1.381796 1.400000 4.169643
-0.929201 1.133488 1.120000 0.000000 -1.367796 1.450000 4.178571
-0.927185 1.123693 1.120000 0.000000 -1.353296 1.500000 4.187500
-0.925027 1.113929 1.120000 0.000000 -1.338296 1.550000 4.196429
-0.922723 1.104198 1.120000 0.000000 -1.322796 1.600000 4.205357
-0.920269 1.094504 1.120000 0.000000 -1.306796 1.650000 4.214286
-0.917659 1.084850 1.120000 0.000000 -1.290296 1.700000 4.223214
-0.914891 1.075241 1.120000 0.000000 -1.273296 1.750000 4.232143
-0.911960 1.065680 1.120000 0.000000 -1.255796 1.800000 4.241071
-0.908861 1.056172 1.120000 0.000000 -1.237796 1.850000 4.250000
-0.905593 1.046722 1.120000 0.000000 -1.219296 1.900000 4.258929
-0.902150 1.037333 1.120000 0.000000 -1.200296 1.950000 4.267857
-0.898529 1.028012 1.120000 0.000000 -1.180796 2.000000 4.276786
-0.894727 1.018763 1.120000 0.000000 -1.160796 2.050000 4.285714
-0.890741 1.009591 1.120000 0.000000 -1.140296 2.100000 4.294643
-0.886567 1.000504 1.120000 0.000000 -1.119296 2.150000 4.303571
-0.882204 0.991506 1.120000 0.000000 -1.097796 2.200000 4.312500
-0.877649 0.982604 1.120000 0.000000 -1.075796 2.250000 4.321429
-0.872898 0.973804 1.120000 0.000000 -1.053296 2.300000 4.330357
-0.867951 0.965113 1.120000 0.000000 -1.030296 2.350000 4.339286
-0.862806 0.956539 1.120000 0.000000 -1.006796 2.400000 4.348214
-0.857460 0.948088 1.120000 0.000000 -0.982796 2.450000 4.357143
-0.851913 0.939767 1.120000 0.000000 -0.958296 2.500000 4.366071
-0.846164 0.931585 1.120000 0.000000 -0.933296 2.550000 4.375000
-0.840212 0.923549 1.120000 0.000000 -0.907796 2.600000 4.383929
-0.834057 0.915668 1.120000 0.000000 -0.881796 2.650000 4.392857
-0.827699 0.907949 1.120000 0.000000 -0.855296 2.700000 4.401786
-0.821140 0.900401 1.120000 0.000000 -0.828296 2.750000 4.410714
-0.814378 0.893033 1.120000 0.000000 -0.800796 2.800000 4.419643
-0.807417 0.885854 1.120000 0.000000 -0.772796 2.850000 4.428571
-0.800257 0.878873 1.120000 0.000000 -0.744296 2.900000 4.437500
-0.792902 0.872098 1.120000 0.000000 -0.715296 2.950000 4.446429
-0.785353 0.865540 1.120000 0.000000 -0.685796 3.000000 4.455357
-0.777613 0.859207 1.120000 0.000000 -0.655796 3.050000 4.464286
-0.769688 0.853109 1.120000 0.000000 -0.625296 3.100000 4.473214
-0.761580 0.847256 1.120000 0.000000 -0.594296 3.150000 4.482143
-0.753295 0.841657 1.120000 0.000000 -0.562796 3.200000 4.491071
-0.744837 0.836321 1.120000 0.000000 -0.530796 3.250000 4.500000
-0.736213 0.831259 1.120000 0.000000 -0.498296 3.300000 4.508929
-0.727429 0.826480 1.120000 0.000000 -0.465296 3.350000 4.517857
-0.718492 0.821993 1.120000 0.000000 -0.431796 3.400000 4.526786
-0.709410 0.817808 1.120000 0.000000 -0.397796 3.450000 4.535714
-0.700191 0.813934 1.120000 0.000000 -0.363296 3.500000 4.544643
-0.690843 0.810380 1.120000 0.000000 -0.328296 3.550000 4.553571
-0.681377 0.807156 1.120000 0.000000 -0.292796 3.600000 4.562500
-0.671803 0.804270 1.120000 0.000000 -0.256796 3.650000 4.571429
-0.662131 0.801730 1.120000 0.000000 -0.220296 3.700000 4.580357
-0.652373 0.799545 1.120000 0.000000 -0.183296 3.750000 4.589286
-0.642540 0.797722 1.120000 0.000000 -0.145796 3.800000 4.598214
-0.632646 0.796269 1.120000 0.000000 -0.107796 3.850000 4.607143
-0.622704 0.795193 1.120000 0.000000 -0.069296 3.900000 4.616071
-0.612728 0.794501 1.120000 0.000000 -0.030296 3.950000 4.625000
-0.602733 0.794198 1.120000 0.000000 0.009204 4.000000 4.633929
-0.592733 0.794290 1.120000 0.000000 0.049204 3.950000 4.642857
-0.582745 0.794782 1.120000 0.000000 0.088704 3.900000 4.651786
-0.572785 0.795668 1.120000 0.000000 0.127704 3.850000 4.660714
-0.562866 0.796941 1.120000 0.000000 0.166204 3.800000 4.669643
-0.553004 0.798595 1.120000 0.000000 0.204204 3.750000 4.678571
-0.543212 0.800623 1.120000 0.000000 0.241704 3.700000 4.687500
-0.533502 0.803017 1.120000 0.000000 0.278704 3.650000 4.696429
-0.523888 0.805768 1.120000 0.000000 0.315204 3.600000 4.705357
-0.514381 0.808868 1.120000 0.000000 0.351204 3.550000 4.714286
-0.504991 0.812308 1.120000 0.000000 0.386704 3.500000 4.723214
-0.495730 0.816080 1.120000 0.000000 0.421704 3.450000 4.732143
-0.486606 0.820173 1.120000 0.000000 0.456204 3.400000 4.741071
-0.477628 0.824578 1.120000 0.000000 0.490204 3.350000 4.750000
-0.468806 0.829286 1.120000 0.000000 0.523704 3.300000 4.758929
-0.460146 0.834287 1.120000 0.000000 0.556704 3.250000 4.767857
-0.451656 0.839571 1.120000 0.000000 0.589204 3.200000 4.776786
-0.443343 0.845128 1.120000 0.000000 0.621204 3.150000 4.785714
-0.435211 0.850948 1.120000 0.000000 0.652704 3.100000 4.794643
-0.427266 0.857022 1.120000 0.000000 0.683704 3.050000 4.803571
-0.419514 0.863338 1.120000 0.000000 0.714204 3.000000 4.812500
-0.411958 0.869889 1.120000 0.000000 0.744204 2.950000 4.821429
-0.404601 0.876662 1.120000 0.000000 0.773704 2.900000 4.830357
-0.397448 0.883650 1.120000 0.000000 0.802704 2.850000 4.839286
-0.390501 0.890843 1.120000 0.000000 0.831204 2.800000 4.848214
-0.383761 0.898230 1.120000 0.000000 0.859204 2.750000 4.857143
-0.377230 0.905803 1.120000 0.000000 0.886704 2.700000 4.866071
-0.370911 0.913553 1.120000 0.000000 0.913704 2.650000 4.875000
-0.364802 0.921471 1.120000 0.000000 0.940204 2.600000 4.883929
-0.358906 0.929548 1.120000 0.000000 0.966204 2.550000 4.892857
-0.353222 0.937775 1.120000 0.000000 0.991704 2.500000 4.901786
-0.347749 0.946145 1.120000 0.000000 1.016704 2.450000 4.910714
-0.342488 0.954649 1.120000 0.000000 1.041204 2.400000 4.919643
-0.337436 0.963279 1.120000 0.000000 1.065204 2.350000 4.928571
-0.332592 0.972028 1.120000 0.000000 1.088704 2.300000 4.937500
-0.327956 0.980888 1.120000 0.000000 1.111704 2.250000 4.946429
-0.323525 0.989852 1.120000 0.000000 1.134204 2.200000 4.955357
-0.319296 0.998914 1.120000 0.000000 1.156204 2.150000 4.964286
-0.315268 1.008067 1.120000 0.000000 1.177704 2.100000 4.973214
-0.311438 1.017304 1.120000 0.000000 1.198704 2.050000 4.982143
-0.307802 1.026620 1.120000 0.000000 1.219204 2.000000 4.991071
-0.304358 1.036008 1.120000 0.000000 1.239204 1.950000 5.000000
-0.301102 1.045464 1.120000 0.000000 1.258704 1.900000 5.008929
-0.298032 1.054981 1.120000 0.000000 1.277704 1.850000 5.017857
-0.295143 1.064554 1.120000 0.000000 1.296204 1.800000 5.026786
-0.292431 1.074179 1.120000 0.000000 1.314204 1.750000 5.035714
-0.289893 1.083852 1.120000 0.000000 1.331704 1.700000 5.044643
-0.287525 1.093568 1.120000 0.000000 1.348704 1.650000 5.053571
-0.285322 1.103322 1.120000 0.000000 1.365204 1.600000 5.062500
-0.283281 1.113111 1.120000 0.000000 1.381204 1.550000 5.071429
-0.281396 1.122932 1.120000 0.000000 1.396704 1.500000 5.080357
-0.279664 1.132781 1.120000 0.000000 1.411704 1.450000 5.089286
-0.278080 1.142655 1.120000 0.000000 1.426204 1.400000 5.098214
-0.276639 1.152550 1.120000 0.000000 1.440204 1.350000 5.107143
-0.275337 1.162465 1.120000 0.000000 1.453704 1.300000 5.116071
-0.274169 1.172397 1.120000 0.000000 1.466704 1.250000 5.125000
-0.273130 1.182343 1.120000 0.000000 1.479204 1.200000 5.133929
-0.272215 1.192301 1.120000 0.000000 1.491204 1.150000 5.142857
-0.271420 1.202269 1.120000 0.000000 1.502704 1.100000 5.151786
-0.270740 1.212246 1.120000 0.000000 1.513704 1.050000 5.160714
-0.270169 1.222230 1.120000 0.000000 1.524204 1.000000 5.169643
-0.269703 1.232219 1.120000 0.000000 1.534204 0.950000 5.178571
-0.269337 1.242212 1.120000 0.000000 1.543704 0.900000 5.187500
-0.269066 1.252208 1.120000 0.000000 1.552704 0.850000 5.196429
-0.268885 1.262207 1.120000 0.000000 1.561204 0.800000 5.205357
-0.268790 1.272206 1.120000 0.000000 1.569204 0.750000 5.214286
-0.268774 1.282206 1.120000 0.000000 1.576704 0.700000 5.223214
-0.268774 1.292206 1.120000 0.000000 1.570796 0.000000 5.232143
-0.268774 1.302206 1.120000 0.000000 1.570796 0.000000 5.241071
-0.268774 1.312206 1.120000 0.000000 1.570796 0.000000 5.250000
-0.268774 1.322206 1.120000 0.000000 1.570796 0.000000 5.258929
-0.268774 1.332206 1.120000 0.000000 1.570796 0.000000 5.267857
-0.268774 1.342206 1.120000 0.000000 1.570796 0.000000 5.276786
-0.268774 1.352206 1.120000 0.000000 1.570796 0.000000 5.285714
-0.268774 1.362206 1.120000 0.000000 1.570796 0.000000 5.294643
-0.268774 1.372206 1.120000 0.000000 1.570796 0.000000 5.303571
-0.268774 1.382206 1.120000 0.000000 1.570796 0.000000 5.312500
-0.268774 1.392206 1.120000 0.000000 1.570796 0.000000 5.321429
-0.268774 1.402206 1.120000 0.000000 1.570796 0.000000 5.330357
-0.268774 1.412206 1.120000 0.000000 1.570796 0.000000 5.339286
-0.268774 1.422206 1.120000 0.000000 1.570796 0.000000 5.348214
-0.268774 1.432206 1.120000 0.000000 1.570796 -0.036000 5.357143
-0.268774 1.442206 1.120000 0.000000 1.570436 -0.072000 5.366071
-0.268770 1.452206 1.120000 0.000000 1.569716 -0.108000 5.375000
-0.268759 1.462206 1.120000 0.000000 1.568636 -0.144000 5.383929
-0.268738 1.472206 1.120000 0.000000 1.567196 -0.180000 5.392857
-0.268702 1.482206 1.120000 0.000000 1.565396 -0.216000 5.401786
-0.268648 1.492206 1.120000 0.000000 1.563236 -0.252000 5.410714
-0.268572 1.502206 1.120000 0.000000 1.560716 -0.288000 5.419643
-0.268471 1.512205 1.120000 0.000000 1.557836 -0.324000 5.428571
-0.268342 1.522204 1.120000 0.000000 1.554596 -0.360000 5.437500
-0.268180 1.532203 1.120000 0.000000 1.550996 -0.396000 5.446429
-0.267982 1.542201 1.120000 0.000000 1.547036 -0.432000 5.455357
-0.267744 1.552198 1.120000 0.000000 1.542716 -0.468000 5.464286
-0.267463 1.562194 1.120000 0.000000 1.538036 -0.504000 5.473214
-0.267136 1.572189 1.120000 0.000000 1.532996 -0.540000 5.482143
-0.266758 1.582182 1.120000 0.000000 1.527596 -0.576000 5.491071
-0.266326 1.592173 1.120000 0.000000 1.521836 -0.612000 5.500000
-0.265837 1.602161 1.120000 0.000000 1.515716 -0.648000 5.508929
-0.265286 1.612145 1.120000 0.000000 1.509236 -0.684000 5.517857
-0.264671 1.622126 1.120000 0.000000 1.502396 -0.720000 5.526786
-0.263987 1.632103 1.120000 0.000000 1.495196 -0.756000 5.535714
-0.263232 1.642074 1.120000 0.000000 1.487636 -0.792000 5.544643
-0.262401 1.652040 1.120000 0.000000 1.479716 -0.828000 5.553571
-0.261492 1.661998 1.120000 0.000000 1.471436 -0.864000 5.562500
-0.260500 1.671949 1.120000 0.000000 1.462796 -0.900000 5.571429
-0.259422 1.681891 1.120000 0.000000 1.453796 -0.936000 5.580357
-0.258255 1.691823 1.120000 0.000000 1.444436 -0.972000 5.589286
-0.256994 1.701743 1.120000 0.000000 1.434716 -1.008000 5.598214
-0.255638 1.711650 1.120000 0.000000 1.424636 -1.044000 5.607143
-0.254181 1.721544 1.120000 0.000000 1.414196 -1.080000 5.616071
-0.252622 1.731421 1.120000 0.000000 1.403396 -1.116000 5.625000
-0.250956 1.741282 1.120000 0.000000 1.392236 -1.152000 5.633929
-0.249180 1.751123 1.120000 0.000000 1.380716 -1.188000 5.642857
-0.247290 1.760942 1.120000 0.000000 1.368836 -1.224000 5.651786
-0.245284 1.770739 1.120000 0.000000 1.356596 -1.260000 5.660714
-0.243159 1.780511 1.120000 0.000000 1.343996 -1.296000 5.669643
-0.240910 1.790255 1.120000 0.000000 1.331036 -1.332000 5.678571
-0.238535 1.799969 1.120000 0.000000 1.317716 -1.368000 5.687500
-0.236031 1.809650 1.120000 0.000000 1.304036 -1.404000 5.696429
-0.233395 1.819296 1.120000 0.000000 1.289996 -1.440000 5.705357
-0.230624 1.828905 1.120000 0.000000 1.275596 -1.476000 5.714286
-0.227715 1.838472 1.120000 0.000000 1.260836 -1.512000 5.723214
-0.224665 1.847996 1.120000 0.000000 1.245716 -1.548000 5.732143
-0.221471 1.857472 1.120000 0.000000 1.230236 -1.584000 5.741071
-0.218131 1.866897 1.120000 0.000000 1.214396 -1.620000 5.750000
-0.214642 1.876269 1.120000 0.000000 1.198196 -1.656000 5.758929
-0.211001 1.885583 1.120000 0.000000 1.181636 -1.692000 5.767857
-0.207207 1.894835 1.120000 0.000000 1.164716 -1.728000 5.776786
-0.203257 1.904022 1.120000 0.000000 1.147436 -1.764000 5.785714
-0.199149 1.913139 1.120000 0.000000 1.129796 -1.800000 5.794643
-0.194880 1.922182 1.120000 0.000000 1.111796 -1.836000 5.803571
-0.190450 1.931147 1.120000 0.000000 1.093436 -1.872000 5.812500
-0.185855 1.940029 1.120000 0.000000 1.074716 -1.908000 5.821429
-0.181096 1.948824 1.120000 0.000000 1.055636 -1.944000 5.830357
-0.176169 1.957526 1.120000 0.000000 1.036196 -1.980000 5.839286
-0.171074 1.966131 1.120000 0.000000 1.016396 -2.016000 5.848214
-0.165810 1.974633 1.120000 0.000000 0.996236 -2.052000 5.857143
-0.160375 1.983027 1.120000 0.000000 0.975716 -2.088000 5.866071
-0.154769 1.991308 1.120000 0.000000 0.954836 -2.124000 5.875000
-0.148992 1.999471 1.120000 0.000000 0.933596 -2.160000 5.883929
-0.143042 2.007508 1.120000 0.000000 0.911996 -2.196000 5.892857
-0.136921 2.015415 1.120000 0.000000 0.890036 -2.232000 5.901786
-0.130627 2.023186 1.120000 0.000000 0.867716 -2.268000 5.910714
-0.124161 2.030815 1.120000 0.000000 0.845036 -2.304000 5.919643
-0.117524 2.038295 1.120000 0.000000 0.821996 -2.340000 5.928571
-0.110716 2.045620 1.120000 0.000000 0.798596 -2.376000 5.937500
-0.103739 2.052784 1.120000 0.000000 0.774836 -2.412000 5.946429
-0.096594 2.059780 1.120000 0.000000 0.750716 -2.376000 5.955357
-0.089282 2.066601 1.120000 0.000000 0.726956 -2.340000 5.964286
-0.081810 2.073247 1.120000 0.000000 0.703556 -2.304000 5.973214
-0.074184 2.079717 1.120000 0.000000 0.680516 -2.268000 5.982143
-0.066412 2.086009 1.120000 0.000000 0.657836 -2.232000 5.991071
-0.058499 2.092123 1.120000 0.000000 0.635516 -2.196000 6.000000
-0.050451 2.098059 1.120000 0.000000 0.613556 -2.160000 6.008929
-0.042275 2.103816 1.120000 0.000000 0.591956 -2.124000 6.017857
-0.033977 2.109396 1.120000 0.000000 0.570716 -2.088000 6.026786
-0.025561 2.114799 1.120000 0.000000 0.549836 -2.052000 6.035714
-0.017035 2.120024 1.120000 0.000000 0.529316 -2.016000 6.044643
-0.008404 2.125074 1.120000 0.000000 0.509156 -1.980000 6.053571
0.000328 2.129948 1.120000 0.000000 0.489356 -1.944000 6.062500
0.009154 2.134648 1.120000 0.000000 0.469916 -1.908000 6.071429
0.018070 2.139177 1.120000 0.000000 0.450836 -1.872000 6.080357
0.027071 2.143534 1.120000 0.000000 0.432116 -1.836000 6.089286
0.036152 2.147722 1.120000 0.000000 0.413756 -1.800000 6.098214
0.045308 2.151742 1.120000 0.000000 0.395756 -1.764000 6.107143
0.054535 2.155597 1.120000 0.000000 0.378116 -1.728000 6.116071
0.063829 2.159289 1.120000 0.000000 0.360836 -1.692000 6.125000
0.073185 2.162820 1.120000 0.000000 0.343916 -1.656000 6.133929
0.082599 2.166191 1.120000 0.000000 0.327356 -1.620000 6.142857
0.092068 2.169407 1.120000 0.000000 0.311156 -1.584000 6.151786
0.101588 2.172468 1.120000 0.000000 0.295316 -1.548000 6.160714
0.111155 2.175379 1.120000 0.000000 0.279836 -1.512000 6.169643
0.120766 2.178141 1.120000 0.000000 0.264716 -1.476000 6.178571
0.130418 2.180757 1.120000 0.000000 0.249956 -1.440000 6.187500
0.140107 2.183231 1.120000 0.000000 0.235556 -1.404000 6.196429
0.149831 2.185565 1.120000 0.000000 0.221516 -1.368000 6.205357
0.159586 2.187762 1.120000 0.000000 0.207836 -1.332000 6.214286
0.169371 2.189825 1.120000 0.000000 0.194516 -1.296000 6.223214
0.179183 2.191758 1.120000 0.000000 0.181556 -1.260000 6.232143
0.189018 2.193564 1.120000 0.000000 0.168956 -1.224000 6.241071
0.198876 2.195245 1.120000 0.000000 0.156716 -1.188000 6.250000
0.208753 2.196806 1.120000 0.000000 0.144836 -1.152000 6.258929
0.218649 2.198249 1.120000 0.000000 0.133316 -1.116000 6.267857
0.228560 2.199578 1.120000 0.000000 0.122156 -1.080000 6.276786
0.238485 2.200797 1.120000 0.000000 0.111356 -1.044000 6.285714
0.248423 2.201908 1.120000 0.000000 0.100916 -1.008000 6.294643
0.258373 2.202916 1.120000 0.000000 0.090836 -0.972000 6.303571
0.268331 2.203823 1.120000 0.000000 0.081116 -0.936000 6.312500
0.278298 2.204633 1.120000 0.000000 0.071756 -0.900000 6.321429
0.288273 2.205350 1.120000 0.000000 0.062756 -0.864000 6.330357
0.298253 2.205977 1.120000 0.000000 0.054116 -0.828000 6.339286
0.308238 2.206518 1.120000 0.000000 0.045836 -0.792000 6.348214
0.318228 2.206976 1.120000 0.000000 0.037916 -0.756000 6.357143
0.328221 2.207355 1.120000 0.000000 0.030356 -0.720000 6.366071
0.338216 2.207659 1.120000 0.000000 0.023156 -0.684000 6.375000
0.348213 2.207890 1.120000 0.000000 0.016316 -0.648000 6.383929
0.358212 2.208054 1.120000 0.000000 0.009836 -0.612000 6.392857
0.368212 2.208152 1.120000 0.000000 0.003716 -0.576000 6.401786
0.378211 2.208189 1.120000 0.000000 -0.002044 -0.540000 6.410714
0.388211 2.208189 1.120000 0.000000 0.000000 0.000000 6.419643
0.398211 2.208189 1.120000 0.000000 0.000000 0.000000 6.428571
0.408211 2.208189 1.120000 0.000000 0.000000 0.000000 6.437500
0.418211 2.208189 1.120000 0.000000 0.000000 0.000000 6.446429
0.428211 2.208189 1.120000 0.000000 0.000000 0.000000 6.455357
0.438211 2.208189 1.120000 0.000000 0.000000 0.000000 6.464286
0.448211 2.208189 1.120000 0.000000 0.000000 0.000000 6.473214
0.458211 2.208189 1.120000 0.000000 0.000000 0.000000 6.482143
0.468211 2.208189 1.120000 0.000000 0.000000 0.000000 6.491071
0.478211 2.208189 1.120000 0.000000 0.000000 0.000000 6.500000
0.488211 2.208189 1.120000 0.000000 0.000000 0.000000 6.508929
0.498211 2.208189 1.120000 0.000000 0.000000 0.000000 6.517857
0.508211 2.208189 1.120000 0.000000 0.000000 0.000000 6.526786
0.518211 2.208189 1.120000 0.000000 0.000000 0.000000 6.535714
0.528211 2.208189 1.120000 0.000000 0.000000 0.000000 6.544643
0.538211 2.208189 1.120000 0.000000 0.000000 0.000000 6.553571
0.548211 2.208189 1.120000 0.000000 0.000000 0.000000 6.562500
0.558211 2.208189 1.120000 0.000000 0.000000 0.000000 6.571429
0.568211 2.208189 1.120000 0.000000 0.000000 0.000000 6.580357
0.578211 2.208189 1.120000 0.000000 0.000000 0.000000 6.589286
0.588211 2.208189 1.120000 0.000000 0.000000 0.000000 6.598214
0.598211 2.208189 1.120000 0.000000 0.000000 0.000000 6.607143
0.608211 2.208189 1.120000 0.000000 0.000000 0.000000 6.616071
0.618211 2.208189 1.120000 0.000000 0.000000 0.000000 6.625000
0.628211 2.208189 1.120000 0.000000 0.000000 0.000000 6.633929
0.638211 2.208189 1.120000 0.000000 0.000000 0.000000 6.642857
0.648211 2.208189 1.120000 0.000000 0.000000 0.000000 6.651786
0.658211 2.208189 1.120000 0.000000 0.000000 0.000000 6.660714
0.668211 2.208189 1.120000 0.000000 0.000000 0.000000 6.669643
0.678211 2.208189 1.120000 0.000000 0.000000 0.000000 6.678571
0.688211 2.208189 1.120000 0.000000 0.000000 0.000000 6.687500
0.698211 2.208189 1.120000 0.000000 0.000000 0.000000 6.696429
0.708211 2.208189 1.120000 0.000000 0.000000 0.000000 6.705357
0.718211 2.208189 1.120000 0.000000 0.000000 0.000000 6.714286
0.728211 2.208189 1.120000 0.000000 0.000000 0.000000 6.723214
0.738211 2.208189 1.120000 0.000000 0.000000 0.000000 6.732143
0.748211 2.208189 1.120000 0.000000 0.000000 0.000000 6.741071
0.758211 2.208189 1.120000 0.000000 0.000000 0.000000 6.750000
0.768211 2.208189 1.120000 0.000000 0.000000 0.000000 6.758929
0.778211 2.208189 1.120000 0.000000 0.000000 0.000000 6.767857
0.788211 2.208189 1.120000 0.000000 0.000000 0.000000 6.776786
0.798211 2.208189 1.120000 0.000000 0.000000 0.000000 6.785714
0.808211 2.208189 1.120000 0.000000 0.000000 0.000000 6.794643
0.818211 2.208189 1.120000 0.000000 0.000000 -0.048970 6.803571
0.828211 2.208189 1.120000 0.000000 -0.000490 -0.097940 6.812500
0.838211 2.208184 1.120000 0.000000 -0.001469 -0.146910 6.821429
0.848211 2.208169 1.120000 0.000000 -0.002938 -0.195880 6.830357
0.858211 2.208140 1.120000 0.000000 -0.004897 -0.244850 6.839286
0.868211 2.208091 1.120000 0.000000 -0.007346 -0.293820 6.848214
0.878211 2.208018 1.120000 0.000000 -0.010284 -0.342790 6.857143
0.888211 2.207915 1.120000 0.000000 -0.013712 -0.391760 6.866071
0.898210 2.207778 1.120000 0.000000 -0.017629 -0.440730 6.875000
0.908208 2.207601 1.120000 0.000000 -0.022037 -0.489700 6.883929
0.918206 2.207381 1.120000 0.000000 -0.026934 -0.538670 6.892857
0.928202 2.207112 1.120000 0.000000 -0.032320 -0.587640 6.901786
0.938197 2.206789 1.120000 0.000000 -0.038197 -0.636610 6.910714
0.948189 2.206407 1.120000 0.000000 -0.044563 -0.685580 6.919643
0.958180 2.205961 1.120000 0.000000 -0.051419 -0.734550 6.928571
0.968166 2.205447 1.120000 0.000000 -0.058764 -0.783520 6.937500
0.978149 2.204860 1.120000 0.000000 -0.066599 -0.832490 6.946429
0.988127 2.204195 1.120000 0.000000 -0.074924 -0.881460 6.955357
0.998099 2.203446 1.120000 0.000000 -0.083739 -0.930430 6.964286
1.008064 2.202610 1.120000 0.000000 -0.093043 -0.979400 6.973214
1.018021 2.201681 1.120000 0.000000 -0.102837 -1.028370 6.982143
1.027968 2.200654 1.120000 0.000000 -0.113121 -1.077340 6.991071
1.037904 2.199525 1.120000 0.000000 -0.123894 -1.126310 7.000000
1.047827 2.198289 1.120000 0.000000 -0.135157 -1.175280 7.008929
1.057736 2.196942 1.120000 0.000000 -0.146910 -1.224250 7.017857
1.067628 2.195478 1.120000 0.000000 -0.159152 -1.273220 7.026786
1.077502 2.193893 1.120000 0.000000 -0.171885 -1.322190 7.035714
1.087354 2.192183 1.120000 0.000000 -0.185107 -1.371160 7.044643
1.097184 2.190342 1.120000 0.000000 -0.198818 -1.420130 7.053571
1.106987 2.188367 1.120000 0.000000 -0.213019 -1.469100 7.062500
1.116761 2.186253 1.120000 0.000000 -0.227710 -1.518070 7.071429
1.126502 2.183996 1.120000 0.000000 -0.242891 -1.567040 7.080357
1.136209 2.181591 1.120000 0.000000 -0.258562 -1.616010 7.089286
1.145877 2.179034 1.120000 0.000000 -0.274722 -1.664980 7.098214
1.155502 2.176321 1.120000 0.000000 -0.291371 -1.713950 7.107143
1.165080 2.173448 1.120000 0.000000 -0.308511 -1.762920 7.116071
1.174608 2.170412 1.120000 0.000000 -0.326140 -1.811890 7.125000
1.184081 2.167208 1.120000 0.000000 -0.344259 -1.860860 7.133929
1.193494 2.163833 1.120000 0.000000 -0.362868 -1.909830 7.142857
1.202843 2.160283 1.120000 0.000000 -0.381966 -1.958800 7.151786
1.212122 2.156556 1.120000 0.000000 -0.401554 -2.007770 7.160714
1.221327 2.152647 1.120000 0.000000 -0.421632 -2.056740 7.169643
1.230451 2.148555 1.120000 0.000000 -0.442199 -2.105710 7.178571
1.239489 2.144276 1.120000 0.000000 -0.463256 -2.154680 7.187500
1.248435 2.139807 1.120000 0.000000 -0.484803 -2.203650 7.196429
1.257283 2.135147 1.120000 0.000000 -0.506839 -2.252620 7.205357
1.266026 2.130292 1.120000 0.000000 -0.529366 -2.301590 7.214286
1.274657 2.125243 1.120000 0.000000 -0.552382 -2.350560 7.223214
1.283170 2.119995 1.120000 0.000000 -0.575887 -2.399530 7.232143
1.291557 2.114550 1.120000 0.000000 -0.599882 -2.448500 7.241071
1.299811 2.108904 1.120000 0.000000 -0.624367 -2.497470 7.250000
1.307924 2.103058 1.120000 0.000000 -0.649342 -2.546440 7.258929
1.315889 2.097012 1.120000 0.000000 -0.674807 -2.595410 7.267857
1.323697 2.090764 1.120000 0.000000 -0.700761 -2.644380 7.276786
1.331341 2.084316 1.120000 0.000000 -0.727204 -2.693350 7.285714
1.338811 2.077668 1.120000 0.000000 -0.754138 -2.742320 7.294643
1.346100 2.070822 1.120000 0.000000 -0.781561 -2.791290 7.303571
1.353198 2.063778 1.120000 0.000000 -0.809474 -2.840260 7.312500
1.360097 2.056539 1.120000 0.000000 -0.837877 -2.889230 7.321429
1.366787 2.049106 1.120000 0.000000 -0.866769 -2.938200 7.330357
1.373260 2.041484 1.120000 0.000000 -0.896151 -2.987170 7.339286
1.379506 2.033675 1.120000 0.000000 -0.926023 -3.036140 7.348214
1.385516 2.025682 1.120000 0.000000 -0.956384 -3.085110 7.357143
1.391281 2.017511 1.120000 0.000000 -0.987235 -3.134080 7.366071
1.396791 2.009166 1.120000 0.000000 -1.018576 -3.183050 7.375000
1.402037 2.000653 1.120000 0.000000 -1.050407 -3.232020 7.383929
1.407009 1.991976 1.120000 0.000000 -1.082727 -3.280990 7.392857
1.411698 1.983144 1.120000 0.000000 -1.115537 -3.329960 7.401786
1.416095 1.974163 1.120000 0.000000 -1.148836 -3.378930 7.410714
1.420191 1.965040 1.120000 0.000000 -1.182626 -3.427900 7.419643
1.423976 1.955784 1.120000 0.000000 -1.216905 -3.476870 7.428571
1.427441 1.946403 1.120000 0.000000 -1.251673 -3.525840 7.437500
1.430579 1.936908 1.120000 0.000000 -1.286932 -3.574810 7.446429
1.433379 1.927308 1.120000 0.000000 -1.322680 -3.623780 7.455357
1.435835 1.917615 1.120000 0.000000 -1.358918 -3.672750 7.464286
1.437938 1.907838 1.120000 0.000000 -1.395645 -3.721720 7.473214
1.439681 1.897991 1.120000 0.000000 -1.432862 -3.770690 7.482143
1.441056 1.888086 1.120000 0.000000 -1.470569 -3.819660 7.491071
1.442056 1.878136 1.120000 0.000000 -1.508766 -3.868630 7.500000
1.442676 1.868156 1.120000 0.000000 -1.547452 -3.917600 7.508929
1.442909 1.858158 1.120000 0.000000 -1.586628 -3.966570 7.517857
1.442751 1.848160 1.120000 0.000000 -1.626294 -3.917600 7.526786
1.442196 1.838175 1.120000 0.000000 -1.665470 -3.868630 7.535714
1.441251 1.828220 1.120000 0.000000 -1.704156 -3.819660 7.544643
1.439922 1.818309 1.120000 0.000000 -1.742353 -3.770690 7.553571
1.438214 1.808455 1.120000 0.000000 -1.780060 -3.721720 7.562500
1.436137 1.798674 1.120000 0.000000 -1.817277 -3.672750 7.571429
1.433697 1.788976 1.120000 0.000000 -1.854004 -3.623780 7.580357
1.430903 1.779374 1.120000 0.000000 -1.890242 -3.574810 7.589286
1.427762 1.769880 1.120000 0.000000 -1.925990 -3.525840 7.598214
1.424285 1.760504 1.120000 0.000000 -1.961249 -3.476870 7.607143
1.420478 1.751257 1.120000 0.000000 -1.996017 -3.427900 7.616071
1.416353 1.742147 1.120000 0.000000 -2.030296 -3.378930 7.625000
1.411918 1.733185 1.120000 0.000000 -2.064086 -3.329960 7.633929
1.407183 1.724377 1.120000 0.000000 -2.097385 -3.280990 7.642857
1.402157 1.715732 1.120000 0.000000 -2.130195 -3.232020 7.651786
1.396850 1.707256 1.120000 0.000000 -2.162515 -3.183050 7.660714
1.391272 1.698956 1.120000 0.000000 -2.194346 -3.134080 7.669643
1.385433 1.690838 1.120000 0.000000 -2.225687 -3.085110 7.678571
1.379343 1.682907 1.120000 0.000000 -2.256538 -3.036140 7.687500
1.373010 1.675167 1.120000 0.000000 -2.286899 -2.987170 7.696429
1.366446 1.667624 1.120000 0.000000 -2.316771 -2.938200 7.705357
1.359659 1.660279 1.120000 0.000000 -2.346153 -2.889230 7.714286
1.352659 1.653138 1.120000 0.000000 -2.375045 -2.840260 7.723214
1.345456 1.646201 1.120000 0.000000 -2.403448 -2.791290 7.732143
1.338059 1.639472 1.120000 0.000000 -2.431361 -2.742320 7.741071
1.330477 1.632952 1.120000 0.000000 -2.458784 -2.693350 7.750000
1.322719 1.626642 1.120000 0.000000 -2.485717 -2.644380 7.758929
1.314793 1.620543 1.120000 0.000000 -2.512161 -2.595410 7.767857
1.306710 1.614657 1.120000 0.000000 -2.538115 -2.546440 7.776786
1.298476 1.608982 1.120000 0.000000 -2.563580 -2.497470 7.785714
1.290101 1.603518 1.120000 0.000000 -2.588554 -2.448500 7.794643
1.281591 1.598265 1.120000 0.000000 -2.613039 -2.399530 7.803571
1.272956 1.593222 1.120000 0.000000 -2.637035 -2.350560 7.812500
1.264202 1.588388 1.120000 0.000000 -2.660540 -2.301590 7.821429
1.255337 1.583761 1.120000 0.000000 -2.683556 -2.252620 7.830357
1.246368 1.579339 1.120000 0.000000 -2.706082 -2.203650 7.839286
1.237301 1.575120 1.120000 0.000000 -2.728119 -2.154680 7.848214
1.228144 1.571102 1.120000 0.000000 -2.749666 -2.105710 7.857143
1.218902 1.567283 1.120000 0.000000 -2.770723 -2.056740 7.866071
1.209582 1.563658 1.120000 0.000000 -2.791290 -2.007770 7.875000
1.200189 1.560227 1.120000 0.000000 -2.811368 -1.958800 7.883929
1.190730 1.556984 1.120000 0.000000 -2.830956 -1.909830 7.892857
1.181208 1.553927 1.120000 0.000000 -2.850054 -1.860860 7.901786
1.171630 1.551053 1.120000 0.000000 -2.868663 -1.811890 7.910714
1.162000 1.548358 1.120000 0.000000 -2.886782 -1.762920 7.919643
1.152323 1.545837 1.120000 0.000000 -2.904411 -1.713950 7.928571
1.142603 1.543487 1.120000 0.000000 -2.921550 -1.664980 7.937500
1.132844 1.541305 1.120000 0.000000 -2.938200 -1.616010 7.946429
1.123050 1.539285 1.120000 0.000000 -2.954360 -1.567040 7.955357
1.113225 1.537423 1.120000 0.000000 -2.970031 -1.518070 7.964286
1.103372 1.535716 1.120000 0.000000 -2.985211 -1.469100 7.973214
1.093494 1.534159 1.120000 0.000000 -2.999902 -1.420130 7.982143
1.083594 1.532746 1.120000 0.000000 -3.014104 -1.371160 7.991071
1.073675 1.531475 1.120000 0.000000 -3.027815 -1.322190 8.000000
1.063740 1.530340 1.120000 0.000000 -3.041037 -1.273220 8.008929
1.053791 1.529336 1.120000 0.000000 -3.053769 -1.224250 8.017857
1.043829 1.528459 1.120000 0.000000 -3.066012 -1.175280 8.026786
1.033858 1.527704 1.120000 0.000000 -3.077765 -1.126310 8.035714
1.023878 1.527066 1.120000 0.000000 -3.089028 -1.077340 8.044643
1.013892 1.526540 1.120000 0.000000 -3.099801 -1.028370 8.053571
1.003901 1.526123 1.120000 0.000000 -3.110085 -0.979400 8.062500
0.993906 1.525808 1.120000 0.000000 -3.119879 -0.930430 8.071429
0.983908 1.525590 1.120000 0.000000 -3.129183 -0.881460 8.080357
0.973909 1.525466 1.120000 0.000000 -3.137998 -0.832490 8.089286
0.963909 1.525430 1.120000 0.000000 -3.146323 -0.783520 8.098214
0.953909 1.525430 1.120000 0.000000 -3.141593 0.000000 8.107143
0.943909 1.525430 1.120000 0.000000 -3.141593 0.000000 8.116071
0.933909 1.525430 1.120000 0.000000 -3.141593 0.000000 8.125000
0.923909 1.525430 1.120000 0.000000 -3.141593 0.000000 8.133929
0.913909 1.525430 1.120000 0.000000 -3.141593 0.000000 8.142857
0.903909 1.525430 1.120000 0.000000 -3.141593 0.000000 8.151786
0.893909 1.525430 1.120000 0.000000 -3.141593 0.000000 8.160714
0.883909 1.525430 1.120000 0.000000 -3.141593 0.000000 8.169643
0.873909 1.525430 1.120000 0.000000 -3.141593 0.000000 8.178571
0.863909 1.525430 1.120000 0.000000 -3.141593 0.000000 8.187500
0.853909 1.525430 1.120000 0.000000 -3.141593 0.000000 8.196429
0.843909 1.525430 1.120000 0.000000 -3.141593 0.000000 8.205357
0.833909 1.525430 1.120000 0.000000 -3.141593 0.048970 8.214286
0.823909 1.525430 1.120000 0.000000 -3.141103 0.097940 8.223214
0.813909 1.525426 1.120000 0.000000 -3.140124 0.146910 8.232143
0.803909 1.525411 1.120000 0.000000 -3.138654 0.195880 8.241071
0.793909 1.525381 1.120000 0.000000 -3.136696 0.244850 8.250000
0.783909 1.525332 1.120000 0.000000 -3.134247 0.293820 8.258929
0.773909 1.525259 1.120000 0.000000 -3.131309 0.342790 8.267857
0.763910 1.525156 1.120000 0.000000 -3.127881 0.391760 8.276786
0.753911 1.525019 1.120000 0.000000 -3.123963 0.440730 8.285714
0.743912 1.524843 1.120000 0.000000 -3.119556 0.489700 8.294643
0.733915 1.524622 1.120000 0.000000 -3.114659 0.538670 8.303571
0.723918 1.524353 1.120000 0.000000 -3.109272 0.587640 8.312500
0.713924 1.524030 1.120000 0.000000 -3.103396 0.636610 8.321429
0.703931 1.523648 1.120000 0.000000 -3.097030 0.685580 8.330357
0.693941 1.523203 1.120000 0.000000 -3.090174 0.734550 8.339286
0.683954 1.522689 1.120000 0.000000 -3.082829 0.783520 8.348214
0.673971 1.522101 1.120000 0.000000 -3.074993 0.832490 8.357143
0.663993 1.521436 1.120000 0.000000 -3.066669 0.881460 8.366071
0.654021 1.520687 1.120000 0.000000 -3.057854 0.930430 8.375000
0.644057 1.519851 1.120000 0.000000 -3.048550 0.979400 8.383929
0.634100 1.518922 1.120000 0.000000 -3.038756 1.028370 8.392857
0.624153 1.517895 1.120000 0.000000 -3.028472 1.077340 8.401786
0.614217 1.516767 1.120000 0.000000 -3.017699 1.126310 8.410714
0.604293 1.515531 1.120000 0.000000 -3.006435 1.175280 8.419643
0.594384 1.514183 1.120000 0.000000 -2.994683 1.224250 8.428571
0.584492 1.512719 1.120000 0.000000 -2.982440 1.273220 8.437500
0.574618 1.511135 1.120000 0.000000 -2.969708 1.322190 8.446429
0.564766 1.509424 1.120000 0.000000 -2.956486 1.371160 8.455357
0.554937 1.507584 1.120000 0.000000 -2.942774 1.420130 8.464286
0.545134 1.505609 1.120000 0.000000 -2.928573 1.469100 8.473214
0.535360 1.503494 1.120000 0.000000 -2.913882 1.518070 8.482143
0.525618 1.501237 1.120000 0.000000 -2.898701 1.567040 8.491071
0.515911 1.498832 1.120000 0.000000 -2.883031 1.616010 8.500000
0.506244 1.496275 1.120000 0.000000 -2.866871 1.664980 8.508929
0.496619 1.493562 1.120000 0.000000 -2.850221 1.713950 8.517857
0.487040 1.490690 1.120000 0.000000 -2.833082 1.762920 8.526786
0.477512 1.487653 1.120000 0.000000 -2.815452 1.811890 8.535714
0.468040 1.484449 1.120000 0.000000 -2.797334 1.860860 8.544643
0.458626 1.481074 1.120000 0.000000 -2.778725 1.909830 8.553571
0.449277 1.477525 1.120000 0.000000 -2.759627 1.958800 8.562500
0.439998 1.473797 1.120000 0.000000 -2.740039 2.007770 8.571429
0.430794 1.469889 1.120000 0.000000 -2.719961 2.056740 8.580357
0.421669 1.465796 1.120000 0.000000 -2.699394 2.105710 8.589286
0.412631 1.461517 1.120000 0.000000 -2.678336 2.154680 8.598214
0.403685 1.457048 1.120000 0.000000 -2.656790 2.203650 8.607143
0.394837 1.452388 1.120000 0.000000 -2.634753 2.252620 8.616071
0.386095 1.447534 1.120000 0.000000 -2.612227 2.301590 8.625000
0.377463 1.442484 1.120000 0.000000 -2.589211 2.350560 8.633929
0.368951 1.437237 1.120000 0.000000 -2.565705 2.399530 8.642857
0.360564 1.431791 1.120000 0.000000 -2.541710 2.448500 8.651786
0.352310 1.426146 1.120000 0.000000 -2.517225 2.497470 8.660714
0.344196 1.420300 1.120000 0.000000 -2.492250 2.546440 8.669643
0.336231 1.414253 1.120000 0.000000 -2.466786 2.595410 8.678571
0.328423 1.408006 1.120000 0.000000 -2.440832 2.644380 8.687500
0.320780 1.401558 1.120000 0.000000 -2.414388 2.693350 8.696429
0.313309 1.394910 1.120000 0.000000 -2.387455 2.742320 8.705357
0.306021 1.388063 1.120000 0.000000 -2.360031 2.791290 8.714286
0.298922 1.381019 1.120000 0.000000 -2.332119 2.840260 8.723214
0.292024 1.373780 1.120000 0.000000 -2.303716 2.889230 8.732143
0.285333 1.366348 1.120000 0.000000 -2.274824 2.938200 8.741071
0.278860 1.358725 1.120000 0.000000 -2.245442 2.987170 8.750000
0.272614 1.350916 1.120000 0.000000 -2.215570 3.036140 8.758929
0.266604 1.342924 1.120000 0.000000 -2.185209 3.085110 8.767857
0.260839 1.334753 1.120000 0.000000 -2.154357 3.134080 8.776786
0.255329 1.326408 1.120000 0.000000 -2.123017 3.183050 8.785714
0.250083 1.317894 1.120000 0.000000 -2.091186 3.232020 8.794643
0.245111 1.309218 1.120000 0.000000 -2.058866 3.280990 8.803571
0.240422 1.300385 1.120000 0.000000 -2.026056 3.329960 8.812500
0.236025 1.291404 1.120000 0.000000 -1.992756 3.378930 8.821429
0.231929 1.282281 1.120000 0.000000 -1.958967 3.427900 8.830357
0.228145 1.273025 1.120000 0.000000 -1.924688 3.476870 8.839286
0.224679 1.263645 1.120000 0.000000 -1.889919 3.525840 8.848214
0.221542 1.254150 1.120000 0.000000 -1.854661 3.574810 8.857143
0.218741 1.244550 1.120000 0.000000 -1.818913 3.623780 8.866071
0.216285 1.234856 1.120000 0.000000 -1.782675 3.672750 8.875000
0.214182 1.225080 1.120000 0.000000 -1.745948 3.721720 8.883929
0.212440 1.215233 1.120000 0.000000 -1.708730 3.770690 8.892857
0.211065 1.205328 1.120000 0.000000 -1.671024 3.819660 8.901786
0.210064 1.195378 1.120000 0.000000 -1.632827 3.868630 8.910714
0.209444 1.185397 1.120000 0.000000 -1.594141 3.917600 8.919643
0.209211 1.175400 1.120000 0.000000 -1.554965 3.966570 8.928571
0.209369 1.165401 1.120000 0.000000 -1.515299 3.917600 8.937500
0.209924 1.155416 1.120000 0.000000 -1.476123 3.868630 8.946429
0.210869 1.145461 1.120000 0.000000 -1.437437 3.819660 8.955357
0.212199 1.135550 1.120000 0.000000 -1.399240 3.770690 8.964286
0.213906 1.125697 1.120000 0.000000 -1.361533 3.721720 8.973214
0.215983 1.115915 1.120000 0.000000 -1.324316 3.672750 8.982143
0.218423 1.106217 1.120000 0.000000 -1.287588 3.623780 8.991071
0.221218 1.096615 1.120000 0.000000 -1.251351 3.574810 9.000000
0.224358 1.087121 1.120000 0.000000 -1.215603 3.525840 9.008929
0.227836 1.077746 1.120000 0.000000 -1.180344 3.476870 9.017857
0.231642 1.068498 1.120000 0.000000 -1.145575 3.427900 9.026786
0.235767 1.059389 1.120000 0.000000 -1.111296 3.378930 9.035714
0.240202 1.050426 1.120000 0.000000 -1.077507 3.329960 9.044643
0.244937 1.041618 1.120000 0.000000 -1.044208 3.280990 9.053571
0.249963 1.032973 1.120000 0.000000 -1.011398 3.232020 9.062500
0.255270 1.024497 1.120000 0.000000 -0.979077 3.183050 9.071429
0.260848 1.016197 1.120000 0.000000 -0.947247 3.134080 9.080357
0.266687 1.008079 1.120000 0.000000 -0.915906 3.085110 9.089286
0.272778 1.000148 1.120000 0.000000 -0.885055 3.036140 9.098214
0.279110 0.992409 1.120000 0.000000 -0.854694 2.987170 9.107143
0.285675 0.984865 1.120000 0.000000 -0.824822 2.938200 9.116071
0.292462 0.977521 1.120000 0.000000 -0.795440 2.889230 9.125000
0.299461 0.970379 1.120000 0.000000 -0.766548 2.840260 9.133929
0.306664 0.963442 1.120000 0.000000 -0.738145 2.791290 9.142857
0.314062 0.956713 1.120000 0.000000 -0.710232 2.742320 9.151786
0.321644 0.950193 1.120000 0.000000 -0.682809 2.693350 9.160714
0.329402 0.943883 1.120000 0.000000 -0.655875 2.644380 9.169643
0.337327 0.937785 1.120000 0.000000 -0.629432 2.595410 9.178571
0.345410 0.931898 1.120000 0.000000 -0.603478 2.546440 9.187500
0.353644 0.926223 1.120000 0.000000 -0.578013 2.497470 9.196429
0.362020 0.920759 1.120000 0.000000 -0.553038 2.448500 9.205357
0.370529 0.915507 1.120000 0.000000 -0.528553 2.399530 9.214286
0.379164 0.910464 1.120000 0.000000 -0.504558 2.350560 9.223214
0.387918 0.905629 1.120000 0.000000 -0.481053 2.301590 9.232143
0.396783 0.901002 1.120000 0.000000 -0.458037 2.252620 9.241071
0.405752 0.896580 1.120000 0.000000 -0.435510 2.203650 9.250000
0.414819 0.892362 1.120000 0.000000 -0.413474 2.154680 9.258929
0.423976 0.888344 1.120000 0.000000 -0.391927 2.105710 9.267857
0.433218 0.884524 1.120000 0.000000 -0.370870 2.056740 9.276786
0.442538 0.880900 1.120000 0.000000 -0.350303 2.007770 9.285714
0.451931 0.877468 1.120000 0.000000 -0.330225 1.958800 9.294643
0.461391 0.874225 1.120000 0.000000 -0.310637 1.909830 9.303571
0.470912 0.871169 1.120000 0.000000 -0.291539 1.860860 9.312500
0.480490 0.868295 1.120000 0.000000 -0.272930 1.811890 9.321429
0.490120 0.865599 1.120000 0.000000 -0.254811 1.762920 9.330357
0.499797 0.863078 1.120000 0.000000 -0.237182 1.713950 9.339286
0.509517 0.860729 1.120000 0.000000 -0.220042 1.664980 9.348214
0.519276 0.858546 1.120000 0.000000 -0.203393 1.616010 9.357143
0.529070 0.856526 1.120000 0.000000 -0.187233 1.567040 9.366071
0.538895 0.854665 1.120000 0.000000 -0.171562 1.518070 9.375000
0.548748 0.852957 1.120000 0.000000 -0.156381 1.469100 9.383929
0.558626 0.851400 1.120000 0.000000 -0.141690 1.420130 9.392857
0.568526 0.849988 1.120000 0.000000 -0.127489 1.371160 9.401786
0.578445 0.848716 1.120000 0.000000 -0.113778 1.322190 9.410714
0.588380 0.847581 1.120000 0.000000 -0.100556 1.273220 9.419643
0.598330 0.846577 1.120000 0.000000 -0.087823 1.224250 9.428571
0.608291 0.845700 1.120000 0.000000 -0.075581 1.175280 9.437500
0.618263 0.844945 1.120000 0.000000 -0.063828 1.126310 9.446429
0.628242 0.844307 1.120000 0.000000 -0.052565 1.077340 9.455357
0.638228 0.843782 1.120000 0.000000 -0.041792 1.028370 9.464286
0.648220 0.843364 1.120000 0.000000 -0.031508 0.979400 9.473214
0.658215 0.843049 1.120000 0.000000 -0.021714 0.930430 9.482143
0.668212 0.842832 1.120000 0.000000 -0.012410 0.881460 9.491071
0.678212 0.842708 1.120000 0.000000 -0.003595 0.832490 9.500000
0.688211 0.842672 1.120000 0.000000 0.004730 0.783520 9.508929
0.698211 0.842672 1.120000 0.000000 0.000000 0.000000 9.517857
0.708211 0.842672 1.120000 0.000000 0.000000 0.000000 9.526786
0.718211 0.842672 1.120000 0.000000 0.000000 0.000000 9.535714
0.728211 0.842672 1.120000 0.000000 0.000000 0.000000 9.544643
0.738211 0.842672 1.120000 0.000000 0.000000 0.000000 9.553571
0.748211 0.842672 1.120000 0.000000 0.000000 0.000000 9.562500
0.758211 0.842672 1.120000 0.000000 0.000000 0.000000 9.571429
0.768211 0.842672 1.120000 0.000000 0.000000 0.000000 9.580357
0.778211 0.842672 1.120000 0.000000 0.000000 0.000000 9.589286
0.788211 0.842672 1.120000 0.000000 0.000000 0.000000 9.598214
0.798211 0.842672 1.120000 0.000000 0.000000 0.000000 9.607143
0.808211 0.842672 1.120000 0.000000 0.000000 0.000000 9.616071
0.818211 0.842672 1.120000 0.000000 0.000000 0.000000 9.625000
0.828211 0.842672 1.120000 0.000000 0.000000 0.000000 9.633929
0.838211 0.842672 1.120000 0.000000 0.000000 0.000000 9.642857
0.848211 0.842672 1.120000 0.000000 0.000000 0.000000 9.651786
0.858211 0.842672 1.120000 0.000000 0.000000 0.000000 9.660714
0.868211 0.842672 1.120000 0.000000 0.000000 -0.048970 9.669643
0.878211 0.842672 1.120000 0.000000 -0.000490 -0.097940 9.678571
0.888211 0.842667 1.120000 0.000000 -0.001469 -0.146910 9.687500
0.898211 0.842652 1.120000 0.000000 -0.002938 -0.195880 9.696429
0.908211 0.842623 1.120000 0.000000 -0.004897 -0.244850 9.705357
0.918211 0.842574 1.120000 0.000000 -0.007346 -0.293820 9.714286
0.928211 0.842500 1.120000 0.000000 -0.010284 -0.342790 9.723214
0.938211 0.842398 1.120000 0.000000 -0.013712 -0.391760 9.732143
0.948210 0.842260 1.120000 0.000000 -0.017629 -0.440730 9.741071
0.958208 0.842084 1.120000 0.000000 -0.022037 -0.489700 9.750000
0.968206 0.841864 1.120000 0.000000 -0.026934 -0.538670 9.758929
0.978202 0.841595 1.120000 0.000000 -0.032320 -0.587640 9.767857
0.988197 0.841271 1.120000 0.000000 -0.038197 -0.636610 9.776786
0.998189 0.840889 1.120000 0.000000 -0.044563 -0.685580 9.785714
1.008180 0.840444 1.120000 0.000000 -0.051419 -0.734550 9.794643
1.018166 0.839930 1.120000 0.000000 -0.058764 -0.783520 9.803571
1.028149 0.839343 1.120000 0.000000 -0.066599 -0.832490 9.812500
1.038127 0.838677 1.120000 0.000000 -0.074924 -0.881460 9.821429
1.048099 0.837929 1.120000 0.000000 -0.083739 -0.930430 9.830357
1.058064 0.837092 1.120000 0.000000 -0.093043 -0.979400 9.839286
1.068021 0.836163 1.120000 0.000000 -0.102837 -1.028370 9.848214
1.077968 0.835137 1.120000 0.000000 -0.113121 -1.077340 9.857143
1.087904 0.834008 1.120000 0.000000 -0.123894 -1.126310 9.866071
1.097827 0.832772 1.120000 0.000000 -0.135157 -1.175280 9.875000
1.107736 0.831425 1.120000 0.000000 -0.146910 -1.224250 9.883929
1.117628 0.829961 1.120000 0.000000 -0.159152 -1.273220 9.892857
1.127502 0.828376 1.120000 0.000000 -0.171885 -1.322190 9.901786
1.137354 0.826666 1.120000 0.000000 -0.185107 -1.371160 9.910714
1.147184 0.824825 1.120000 0.000000 -0.198818 -1.420130 9.919643
1.156987 0.822850 1.120000 0.000000 -0.213019 -1.469100 9.928571
1.166761 0.820736 1.120000 0.000000 -0.227710 -1.518070 9.937500
1.176502 0.818478 1.120000 0.000000 -0.242891 -1.567040 9.946429
1.186209 0.816073 1.120000 0.000000 -0.258562 -1.616010 9.955357
1.195877 0.813516 1.120000 0.000000 -0.274722 -1.664980 9.964286
1.205502 0.810804 1.120000 0.000000 -0.291371 -1.713950 9.973214
1.215080 0.807931 1.120000 0.000000 -0.308511 -1.762920 9.982143
1.224608 0.804895 1.120000 0.000000 -0.326140 -1.811890 9.991071
1.234081 0.801691 1.120000 0.000000 -0.344259 -1.860860 10.000000
1.243494 0.798316 1.120000 0.000000 -0.362868 -1.909830 10.008929
1.252843 0.794766 1.120000 0.000000 -0.381966 -1.958800 10.017857
1.262122 0.791039 1.120000 0.000000 -0.401554 -2.007770 10.026786
1.271327 0.787130 1.120000 0.000000 -0.421632 -2.056740 10.035714
1.280451 0.783038 1.120000 0.000000 -0.442199 -2.105710 10.044643
1.289489 0.778758 1.120000 0.000000 -0.463256 -2.154680 10.053571
1.298435 0.774290 1.120000 0.000000 -0.484803 -2.203650 10.062500
1.307283 0.769629 1.120000 0.000000 -0.506839 -2.252620 10.071429
1.316026 0.764775 1.120000 0.000000 -0.529366 -2.301590 10.080357
1.324657 0.759725 1.120000 0.000000 -0.552382 -2.350560 10.089286
1.333170 0.754478 1.120000 0.000000 -0.575887 -2.399530 10.098214
1.341557 0.749032 1.120000 0.000000 -0.599882 -2.448500 10.107143
1.349811 0.743387 1.120000 0.000000 -0.624367 -2.497470 10.116071
1.357924 0.737541 1.120000 0.000000 -0.649342 -2.546440 10.125000
1.365889 0.731494 1.120000 0.000000 -0.674807 -2.595410 10.133929
1.373697 0.725247 1.120000 0.000000 -0.700761 -2.644380 10.142857
1.381341 0.718799 1.120000 0.000000 -0.727204 -2.693350 10.151786
1.388811 0.712151 1.120000 0.000000 -0.754138 -2.742320 10.160714
1.396100 0.705305 1.120000 0.000000 -0.781561 -2.791290 10.169643
1.403198 0.698261 1.120000 0.000000 -0.809474 -2.840260 10.178571
1.410097 0.691021 1.120000 0.000000 -0.837877 -2.889230 10.187500
1.416787 0.683589 1.120000 0.000000 -0.866769 -2.938200 10.196429
1.423260 0.675967 1.120000 0.000000 -0.896151 -2.987170 10.205357
1.429506 0.668157 1.120000 0.000000 -0.926023 -3.036140 10.214286
1.435516 0.660165 1.120000 0.000000 -0.956384 -3.085110 10.223214
1.441281 0.651994 1.120000 0.000000 -0.987235 -3.134080 10.232143
1.446791 0.643649 1.120000 0.000000 -1.018576 -3.183050 10.241071
1.452037 0.635135 1.120000 0.000000 -1.050407 -3.232020 10.250000
1.457009 0.626459 1.120000 0.000000 -1.082727 -3.280990 10.258929
1.461698 0.617627 1.120000 0.000000 -1.115537 -3.329960 10.267857
1.466095 0.608645 1.120000 0.000000 -1.148836 -3.378930 10.276786
1.470191 0.599522 1.120000 0.000000 -1.182626 -3.427900 10.285714
1.473976 0.590266 1.120000 0.000000 -1.216905 -3.476870 10.294643
1.477441 0.580886 1.120000 0.000000 -1.251673 -3.525840 10.303571
1.480579 0.571391 1.120000 0.000000 -1.286932 -3.574810 10.312500
1.483379 0.561791 1.120000 0.000000 -1.322680 -3.623780 10.321429
1.485835 0.552097 1.120000 0.000000 -1.358918 -3.672750 10.330357
1.487938 0.542321 1.120000 0.000000 -1.395645 -3.721720 10.339286
1.489681 0.532474 1.120000 0.000000 -1.432862 -3.770690 10.348214
1.491056 0.522569 1.120000 0.000000 -1.470569 -3.819660 10.357143
1.492056 0.512619 1.120000 0.000000 -1.508766 -3.868630 10.366071
1.492676 0.502638 1.120000 0.000000 -1.547452 -3.917600 10.375000
1.492909 0.492641 1.120000 0.000000 -1.586628 -3.966570 10.383929
1.492751 0.482642 1.120000 0.000000 -1.626294 -3.917600 10.392857
1.492196 0.472658 1.120000 0.000000 -1.665470 -3.868630 10.401786
1.491251 0.462702 1.120000 0.000000 -1.704156 -3.819660 10.410714
1.489922 0.452791 1.120000 0.000000 -1.742353 -3.770690 10.419643
1.488214 0.442938 1.120000 0.000000 -1.780060 -3.721720 10.428571
1.486137 0.433156 1.120000 0.000000 -1.817277 -3.672750 10.437500
1.483697 0.423458 1.120000 0.000000 -1.854004 -3.623780 10.446429
1.480903 0.413857 1.120000 0.000000 -1.890242 -3.574810 10.455357
1.477762 0.404363 1.120000 0.000000 -1.925990 -3.525840 10.464286
1.474285 0.394987 1.120000 0.000000 -1.961249 -3.476870 10.473214
1.470478 0.385740 1.120000 0.000000 -1.996017 -3.427900 10.482143
1.466353 0.376630 1.120000 0.000000 -2.030296 -3.378930 10.491071
1.461918 0.367667 1.120000 0.000000 -2.064086 -3.329960 10.500000
1.457183 0.358860 1.120000 0.000000 -2.097385 -3.280990 10.508929
1.452157 0.350214 1.120000 0.000000 -2.130195 -3.232020 10.517857
1.446850 0.341739 1.120000 0.000000 -2.162515 -3.183050 10.526786
1.441272 0.333439 1.120000 0.000000 -2.194346 -3.134080 10.535714
1.435433 0.325321 1.120000 0.000000 -2.225687 -3.085110 10.544643
1.429343 0.317389 1.120000 0.000000 -2.256538 -3.036140 10.553571
1.423010 0.309650 1.120000 0.000000 -2.286899 -2.987170 10.562500
1.416446 0.302106 1.120000 0.000000 -2.316771 -2.938200 10.571429
1.409659 0.294762 1.120000 0.000000 -2.346153 -2.889230 10.580357
1.402659 0.287620 1.120000 0.000000 -2.375045 -2.840260 10.589286
1.395456 0.280684 1.120000 0.000000 -2.403448 -2.791290 10.598214
1.388059 0.273955 1.120000 0.000000 -2.431361 -2.742320 10.607143
1.380477 0.267434 1.120000 0.000000 -2.458784 -2.693350 10.616071
1.372719 0.261125 1.120000 0.000000 -2.485717 -2.644380 10.625000
1.364793 0.255026 1.120000 0.000000 -2.512161 -2.595410 10.633929
1.356710 0.249139 1.120000 0.000000 -2.538115 -2.546440 10.642857
1.348476 0.243464 1.120000 0.000000 -2.563580 -2.497470 10.651786
1.340101 0.238001 1.120000 0.000000 -2.588554 -2.448500 10.660714
1.331591 0.232748 1.120000 0.000000 -2.613039 -2.399530 10.669643
1.322956 0.227705 1.120000 0.000000 -2.637035 -2.350560 10.678571
1.314202 0.222871 1.120000 0.000000 -2.660540 -2.301590 10.687500
1.305337 0.218244 1.120000 0.000000 -2.683556 -2.252620 10.696429
1.296368 0.213822 1.120000 0.000000 -2.706082 -2.203650 10.705357
1.287301 0.209603 1.120000 0.000000 -2.728119 -2.154680 10.714286
1.278144 0.205585 1.120000 0.000000 -2.749666 -2.105710 10.723214
1.268902 0.201765 1.120000 0.000000 -2.770723 -2.056740 10.732143
1.259582 0.198141 1.120000 0.000000 -2.791290 -2.007770 10.741071
1.250189 0.194709 1.120000 0.000000 -2.811368 -1.958800 10.750000
1.240730 0.191467 1.120000 0.000000 -2.830956 -1.909830 10.758929
1.231208 0.188410 1.120000 0.000000 -2.850054 -1.860860 10.767857
1.221630 0.185536 1.120000 0.000000 -2.868663 -1.811890 10.776786
1.212000 0.182840 1.120000 0.000000 -2.886782 -1.762920 10.785714
1.202323 0.180320 1.120000 0.000000 -2.904411 -1.713950 10.794643
1.192603 0.177970 1.120000 0.000000 -2.921550 -1.664980 10.803571
1.182844 0.175787 1.120000 0.000000 -2.938200 -1.616010 10.812500
1.173050 0.173767 1.120000 0.000000 -2.954360 -1.567040 10.821429
1.163225 0.171906 1.120000 0.000000 -2.970031 -1.518070 10.830357
1.153372 0.170199 1.120000 0.000000 -2.985211 -1.469100 10.839286
1.143494 0.168641 1.120000 0.000000 -2.999902 -1.420130 10.848214
1.133594 0.167229 1.120000 0.000000 -3.014104 -1.371160 10.857143
1.123675 0.165958 1.120000 0.000000 -3.027815 -1.322190 10.866071
1.113740 0.164822 1.120000 0.000000 -3.041037 -1.273220 10.875000
1.103791 0.163819 1.120000 0.000000 -3.053769 -1.224250 10.883929
1.093829 0.162941 1.120000 0.000000 -3.066012 -1.175280 10.892857
1.083858 0.162186 1.120000 0.000000 -3.077765 -1.126310 10.901786
1.073878 0.161549 1.120000 0.000000 -3.089028 -1.077340 10.910714
1.063892 0.161023 1.120000 0.000000 -3.099801 -1.028370 10.919643
1.053901 0.160605 1.120000 0.000000 -3.110085 -0.979400 10.928571
1.043906 0.160290 1.120000 0.000000 -3.119879 -0.930430 10.937500
1.033908 0.160073 1.120000 0.000000 -3.129183 -0.881460 10.946429
1.023909 0.159949 1.120000 0.000000 -3.137998 -0.832490 10.955357
1.013909 0.159913 1.120000 0.000000 -3.146323 -0.783520 10.964286
1.003909 0.159914 1.120000 0.000000 3.141507 0.000000 10.973214
0.993909 0.159915 1.120000 0.000000 3.141507 0.000000 10.982143
0.983909 0.159916 1.120000 0.000000 3.141507 0.000000 10.991071
0.973909 0.159917 1.120000 0.000000 3.141507 0.000000 11.000000
0.963909 0.159917 1.120000 0.000000 3.141507 0.000000 11.008929
0.953909 0.159918 1.120000 0.000000 3.141507 0.000000 11.017857
0.943909 0.159919 1.120000 0.000000 3.141507 0.000000 11.026786
0.933909 0.159920 1.120000 0.000000 3.141507 0.000000 11.035714
0.923909 0.159921 1.120000 0.000000 3.141507 0.000000 11.044643
0.913909 0.159922 1.120000 0.000000 3.141507 0.000000 11.053571
0.903909 0.159923 1.120000 0.000000 3.141507 0.000000 11.062500
0.893909 0.159923 1.120000 0.000000 3.141507 0.000000 11.071429
0.883909 0.159924 1.120000 0.000000 3.141507 0.000000 11.080357
0.873909 0.159925 1.120000 0.000000 3.141507 0.000000 11.089286
0.863909 0.159926 1.120000 0.000000 3.141507 0.000000 11.098214
0.853909 0.159927 1.120000 0.000000 3.141507 0.000000 11.107143
0.843909 0.159928 1.120000 0.000000 3.141507 0.000000 11.116071
0.833909 0.159929 1.120000 0.000000 3.141507 0.000000 11.125000
0.823909 0.159929 1.120000 0.000000 3.141507 0.000000 11.133929
0.813909 0.159930 1.120000 0.000000 3.141507 0.000000 11.142857
0.803909 0.159931 1.120000 0.000000 3.141507 0.000000 11.151786
0.793909 0.159932 1.120000 0.000000 3.141507 0.000000 11.160714
0.783909 0.159933 1.120000 0.000000 3.141507 0.000000 11.169643
0.773909 0.159934 1.120000 0.000000 3.141507 0.000000 11.178571
0.763909 0.159935 1.120000 0.000000 3.141507 0.000000 11.187500
0.753909 0.159935 1.120000 0.000000 3.141507 0.000000 11.196429
0.743909 0.159936 1.120000 0.000000 3.141507 0.000000 11.205357
0.733909 0.159937 1.120000 0.000000 3.141507 0.000000 11.214286
0.723909 0.159938 1.120000 0.000000 3.141507 0.000000 11.223214
0.713909 0.159939 1.120000 0.000000 3.141507 0.000000 11.232143
0.703909 0.159940 1.120000 0.000000 3.141507 0.000000 11.241071
0.693909 0.159941 1.120000 0.000000 3.141507 0.000000 11.250000
0.683909 0.159941 1.120000 0.000000 3.141507 0.000000 11.258929
0.673909 0.159942 1.120000 0.000000 3.141507 0.000000 11.267857
0.663909 0.159943 1.120000 0.000000 3.141507 0.000000 11.276786
0.653909 0.159944 1.120000 0.000000 3.141507 0.000000 11.285714
0.643909 0.159945 1.120000 0.000000 3.141507 0.000000 11.294643
0.633909 0.159946 1.120000 0.000000 3.141507 0.000000 11.303571
0.623909 0.159947 1.120000 0.000000 3.141507 0.000000 11.312500
0.613909 0.159947 1.120000 0.000000 3.141507 0.000000 11.321429
0.603909 0.159948 1.120000 0.000000 3.141507 0.000000 11.330357
0.593909 0.159949 1.120000 0.000000 3.141507 0.000000 11.339286
0.583909 0.159950 1.120000 0.000000 3.141507 0.000000 11.348214
0.573909 0.159951 1.120000 0.000000 3.141507 0.000000 11.357143
0.563909 0.159952 1.120000 0.000000 3.141507 0.000000 11.366071
0.553909 0.159953 1.120000 0.000000 3.141507 0.000000 11.375000
0.543909 0.159953 1.120000 0.000000 3.141507 0.000000 11.383929
0.533909 0.159954 1.120000 0.000000 3.141507 0.000000 11.392857
0.523909 0.159955 1.120000 0.000000 3.141507 0.000000 11.401786
0.513909 0.159956 1.120000 0.000000 3.141507 0.000000 11.410714
0.503909 0.159957 1.120000 0.000000 3.141507 0.000000 11.419643
0.493909 0.159958 1.120000 0.000000 3.141507 0.000000 11.428571
0.483909 0.159959 1.120000 0.000000 3.141507 0.000000 11.437500
0.473909 0.159959 1.120000 0.000000 3.141507 0.000000 11.446429
0.463909 0.159960 1.120000 0.000000 3.141507 0.000000 11.455357
0.453909 0.159961 1.120000 0.000000 3.141507 0.000000 11.464286
0.443909 0.159962 1.120000 0.000000 3.141507 0.000000 11.473214
0.433909 0.159963 1.120000 0.000000 3.141507 0.000000 11.482143
0.423909 0.159964 1.120000 0.000000 3.141507 0.000000 11.491071
0.413909 0.159965 1.120000 0.000000 3.141507 0.000000 11.500000
0.403909 0.159965 1.120000 0.000000 3.141507 0.000000 11.508929
0.393909 0.159966 1.120000 0.000000 3.141507 0.000000 11.517857
0.383909 0.159967 1.120000 0.000000 3.141507 0.000000 11.526786
0.373909 0.159968 1.120000 0.000000 3.141507 0.000000 11.535714
0.363909 0.159969 1.120000 0.000000 3.141507 0.000000 11.544643
0.353909 0.159970 1.120000 0.000000 3.141507 0.000000 11.553571
0.343909 0.159971 1.120000 0.000000 3.141507 0.000000 11.562500
0.333909 0.159971 1.120000 0.000000 3.141507 0.000000 11.571429
0.323909 0.159972 1.120000 0.000000 3.141507 0.000000 11.580357
0.313909 0.159973 1.120000 0.000000 3.141507 0.000000 11.589286
0.303909 0.159974 1.120000 0.000000 3.141507 0.000000 11.598214
0.293909 0.159975 1.120000 0.000000 3.141507 0.000000 11.607143
0.283909 0.159976 1.120000 0.000000 3.141507 0.000000 11.616071
0.273909 0.159977 1.120000 0.000000 3.141507 0.000000 11.625000
0.263909 0.159977 1.120000 0.000000 3.141507 0.000000 11.633929
0.253909 0.159978 1.120000 0.000000 3.141507 0.000000 11.642857
0.243909 0.159979 1.120000 0.000000 3.141507 0.000000 11.651786
0.233909 0.159980 1.120000 0.000000 3.141507 0.000000 11.660714
0.223909 0.159981 1.120000 0.000000 3.141507 0.000000 11.669643
0.213909 0.159982 1.120000 0.000000 3.141507 0.000000 11.678571
0.203909 0.159983 1.120000 0.000000 3.141507 0.000000 11.687500
0.193909 0.159983 1.120000 0.000000 3.141507 0.000000 11.696429
0.183909 0.159984 1.120000 0.000000 3.141507 0.000000 11.705357
0.173909 0.159985 1.120000 0.000000 3.141507 0.000000 11.714286
0.163909 0.159986 1.120000 0.000000 3.141507 0.000000 11.723214
0.153909 0.159987 1.120000 0.000000 3.141507 0.000000 11.732143
0.143909 0.159988 1.120000 0.000000 3.141507 0.000000 11.741071
0.133909 0.159989 1.120000 0.000000 3.141507 0.000000 11.750000
0.123909 0.159989 1.120000 0.000000 3.141507 0.000000 11.758929
0.113909 0.159990 1.120000 0.000000 3.141507 0.000000 11.767857
0.103909 0.159991 1.120000 0.000000 3.141507 0.000000 11.776786
0.093909 0.159992 1.120000 0.000000 3.141507 0.000000 11.785714
0.083909 0.159993 1.120000 0.000000 3.141507 0.000000 11.794643
0.073909 0.159994 1.120000 0.000000 3.141507 0.000000 11.803571
0.063909 0.159995 1.120000 0.000000 3.141507 0.000000 11.812500
0.053909 0.159995 1.120000 0.000000 3.141507 0.000000 11.821429
0.043909 0.159996 1.120000 0.000000 3.141507 0.000000 11.830357
0.033909 0.159997 1.120000 0.000000 3.141507 0.000000 11.839286
0.023909 0.159998 1.120000 0.000000 3.141507 0.000000 11.848214
0.013909 0.159999 1.120000 0.000000 3.141507 0.000000 11.857143
0.003909 0.160000 1.120000 0.000000 3.141507 0.000000 11.866071
