x y (w or r) (h or r) type 
-2.000000 0.000000 4.000000 0.060000 5
-2.000000 2.320000 4.000000 0.180000 5
-2.000000 0.000000 0.240000 2.500000 5
1.670000 0.000000 0.330000 2.500000 5
-0.700000 1.190000 0.130000 1.310000 5
-1.290000 0.580000 0.120000 1.220000 5
-0.100000 0.670000 0.140000 1.130000 5
-0.050000 1.730000 1.200000 0.120000 5
0.560000 1.130000 1.440000 0.130000 5
-1.240000 0.530000 2.390000 0.130000 5
-1.225000 1.785000 0.065000 0.065000 0
1.135000 1.785000 0.065000 0.065000 0
0.575000 1.195000 0.065000 0.065000 0
1.135000 0.595000 0.065000 0.065000 0
-0.035000 1.800000 0.065000 0.065000 0
-1.225000 0.595000 0.065000 0.065000 0
-1.530000 2.090000 0.230000 0.230000 1
-0.340000 2.090000 0.230000 0.230000 1
0.270000 1.500000 0.230000 0.230000 1
-0.920000 2.090000 0.230000 0.230000 2
1.460000 2.090000 0.230000 0.230000 2
1.460000 0.900000 0.230000 0.230000 2
-0.330000 0.900000 0.230000 0.230000 3
1.460000 1.490000 0.230000 0.230000 3
1.460000 0.290000 0.230000 0.230000 3
-1.530000 0.290000 0.230000 0.230000 3
-0.940000 0.900000 0.230000 0.230000 4
0.270000 0.900000 0.230000 0.230000 4
