0
0.289999999999983
-0.00999999999999998
0.450000000000000
0
0.244999999999985
-0.00999999999999999
0.405000000000000
0
0.199999999999988
-0.00999999999999999
0.360000000000000
0
0.154999999999991
-0.0100000000000000
0.315000000000000
0
0.109999999999993
-0.0100000000000000
0.270000000000000
0
0.0649999999999961
-0.0100000000000000
0.225000000000000
0
0.0199999999999988
-0.0100000000000000
0.180000000000000
0
-0.0249999999999985
-0.0100000000000000
0.135000000000000
0
-0.0699999999999958
-0.0100000000000000
0.0900000000000000
0.200000000000000
0.289999999999983
-0.210000000000000
0.450000000000000
0.200000000000000
0.244999999999985
-0.210000000000000
0.405000000000000
0.200000000000000
0.199999999999988
-0.210000000000000
0.360000000000000
0.200000000000000
0.154999999999991
-0.210000000000000
0.315000000000000
0.200000000000000
0.109999999999993
-0.210000000000000
0.270000000000000
0.200000000000000
0.0649999999999961
-0.210000000000000
0.225000000000000
0.200000000000000
0.0199999999999988
-0.210000000000000
0.180000000000000
0.200000000000000
-0.0249999999999985
-0.210000000000000
0.135000000000000
0.200000000000000
-0.0699999999999958
-0.210000000000000
0.0900000000000000
0.400000134549693
0.289887825821427
-0.410000000000000
0.450000000000000
0.400000134549693
0.244888318551577
-0.410000000000000
0.405000000000000
0.400000134549693
0.199888811281726
-0.410000000000000
0.360000000000000
0.400000134549693
0.154889304011876
-0.410000000000000
0.315000000000000
0.400000134549693
0.109889796742025
-0.410000000000000
0.270000000000000
0.400000134549693
0.0648902894721749
-0.410000000000000
0.225000000000000
0.400000134549693
0.0198907822023244
-0.410000000000000
0.180000000000000
0.400000134549693
-0.0251087250675261
-0.410000000000000
0.135000000000000
0.400000134549693
-0.0701082323373766
-0.410000000000000
0.0900000000000000
0.620000455848458
0.284841073378235
-0.610000000000000
0.450000000000000
0.620000455848458
0.239900135948620
-0.610000000000000
0.405000000000000
0.620000455848458
0.194972068701020
-0.610000000000000
0.360000000000000
0.620000455848458
0.150044001453421
-0.610000000000000
0.315000000000000
0.620000455848458
0.105115934205822
-0.610000000000000
0.270000000000000
0.620000455848458
0.0601632479941069
-0.610000000000000
0.225000000000000
0.620000455848458
0.0152259115115536
-0.610000000000000
0.180000000000000
0.620000455848458
-0.0297114249709996
-0.610000000000000
0.135000000000000
0.620000455848458
-0.0746487614535529
-0.610000000000000
0.0900000000000000
0.850000184663793
0.262304312713355
-0.810000000000001
0.450000000000000
0.850000184663793
0.218020319573695
-0.810000000000001
0.405000000000000
0.850000184663793
0.173686042669089
-0.810000000000001
0.360000000000000
0.850000184663793
0.129306430579074
-0.810000000000001
0.315000000000000
0.850000184663793
0.0848908819057407
-0.810000000000001
0.270000000000000
0.850000184663793
0.0404602871874831
-0.810000000000001
0.225000000000000
0.850000184663793
-0.00403106749604372
-0.810000000000001
0.180000000000000
0.850000184663793
-0.0485451686365085
-0.810000000000001
0.135000000000000
0.850000184663793
-0.0930622132610132
-0.810000000000001
0.0900000000000000
1.08999970231279
0.207616431946761
-1.01000000000000
0.450000000000000
1.08999970231279
0.165736061219410
-1.01000000000000
0.405000000000000
1.08999970231279
0.123545641956488
-1.01000000000000
0.360000000000000
1.08999970231279
0.0811026093667248
-1.01000000000000
0.315000000000000
1.08999970231279
0.0384669687841772
-1.01000000000000
0.270000000000000
1.08999970231279
-0.00434243267968494
-1.01000000000000
0.225000000000000
1.08999970231279
-0.0473836750194987
-1.01000000000000
0.180000000000000
1.08999970231279
-0.0905185922602785
-1.01000000000000
0.135000000000000
1.08999970231279
-0.133780132763556
-1.01000000000000
0.0900000000000000
1.28000010314086
0.131647424986392
-1.18275078016398
0.456136130135836
1.28000010314086
0.0907191757519329
-1.18986407648748
0.411701897663405
1.28000010314086
0.0493250611847515
-1.19697737281098
0.367267665190973
1.28000010314086
0.00754604334773332
-1.20409066913448
0.322833432718541
1.28000010314086
-0.0345044295470973
-1.21120396545798
0.278399200246110
1.28000010314086
-0.0768920910298389
-1.21831726178148
0.233964967773678
1.28000010314086
-0.119462866705896
-1.22543055810498
0.189530735301247
1.28000010314086
-0.162230580070586
-1.23254385442848
0.145096502828815
1.28000010314086
-0.205177731639864
-1.23965715075198
0.100662270356383
1.40999985141417
0.0935711602188234
-1.29107680429428
0.495471167460514
1.40999985141417
0.0488553143962966
-1.31834636954298
0.459674927278805
1.40999985141417
0.00414827566432563
-1.34561593479169
0.423878687097097
1.40999985141417
-0.0406472786690119
-1.37288550004039
0.388082446915388
1.40999985141417
-0.0854218843766562
-1.40015506528910
0.352286206733679
1.40999985141417
-0.130196490084300
-1.42742463053781
0.316489966551971
1.40999985141417
-0.175086111548250
-1.45469419578651
0.280693726370262
1.40999985141417
-0.219918954954631
-1.48196376103522
0.244897486188553
1.40999985141417
-0.264751798361013
-1.50923332628392
0.209101246006845
1.51999988295958
0.102189752106585
-1.34817613165184
0.573556814821927
1.51999988295958
0.0593985449605300
-1.39087039947702
0.559337127945204
1.51999988295958
0.0162894812211684
-1.43356466730219
0.545117441068480
1.51999988295958
-0.0270113753770801
-1.47625893512737
0.530897754191757
1.51999988295958
-0.0704810263771567
-1.51895320295255
0.516678067315034
1.51999988295958
-0.114096963704205
-1.56164747077772
0.502458380438310
1.51999988295958
-0.157836702213813
-1.60434173860290
0.488238693561587
1.51999988295958
-0.201680694299784
-1.64703600642808
0.474019006684864
1.51999988295958
-0.245608610318795
-1.68973027425325
0.459799319808141
1.67999970011104
0.163600481575000
-1.36383970492071
0.717227212237897
1.67999970011104
0.122868947039430
-1.40883970492071
0.717227212237897
1.67999970011104
0.0817108462038843
-1.45383970492071
0.717227212237897
1.67999970011104
0.0401928212151339
-1.49883970492071
0.717227212237897
1.67999970011104
-0.00162243223086441
-1.54383970492071
0.717227212237897
1.67999970011104
-0.0437628906052810
-1.58883970492071
0.717227212237897
1.67999970011104
-0.0860641803885359
-1.63383970492071
0.717227212237897
1.67999970011104
-0.128630095793883
-1.67883970492071
0.717227212237897
1.67999970011104
-0.171361164210533
-1.72383970492071
0.717227212237897
1.90999994442686
0.229234376096435
-1.36383970492071
0.917227212237898
1.90999994442686
0.185329299509012
-1.40883970492071
0.917227212237898
1.90999994442686
0.141339360628211
-1.45383970492071
0.917227212237898
1.90999994442686
0.0972723598529999
-1.49883970492071
0.917227212237898
1.90999994442686
0.0531402608723251
-1.54383970492071
0.917227212237898
1.90999994442686
0.00894962457391605
-1.58883970492071
0.917227212237898
1.90999994442686
-0.0352890320617177
-1.63383970492071
0.917227212237898
1.90999994442686
-0.0795702055872018
-1.67883970492071
0.917227212237898
1.90999994442686
-0.123927091140010
-1.72383970492071
0.917227212237898
2.15000041906528
0.257373164291838
-1.36383970492071
1.11722721223790
2.15000041906528
0.212469356311764
-1.40883970492071
1.11722721223790
2.15000041906528
0.167565548331690
-1.45383970492071
1.11722721223790
2.15000041906528
0.122676068900769
-1.49883970492071
1.11722721223790
2.15000041906528
0.0777582815655591
-1.54383970492071
1.11722721223790
2.15000041906528
0.0328404942303490
-1.58883970492071
1.11722721223790
2.15000041906528
-0.0120565310802006
-1.63383970492071
1.11722721223790
2.15000041906528
-0.0569868766316641
-1.67883970492071
1.11722721223790
2.15000041906528
-0.101917222183128
-1.72383970492071
1.11722721223790
2.36999973220102
0.262229296706321
-1.36383970492071
1.31722721223790
2.36999973220102
0.217229296706323
-1.40883970492071
1.31722721223790
2.36999973220102
0.172229296706326
-1.45383970492071
1.31722721223790
2.36999973220102
0.127229296706328
-1.49883970492071
1.31722721223790
2.36999973220102
0.0822292967063305
-1.54383970492071
1.31722721223790
2.36999973220102
0.0372292967063330
-1.58883970492071
1.31722721223790
2.36999973220102
-0.00777070329366479
-1.63383970492071
1.31722721223790
2.36999973220102
-0.0527707032936623
-1.67883970492071
1.31722721223790
2.36999973220102
-0.0977707032936599
-1.72383970492071
1.31722721223790
2.56999973220102
0.262229296706321
-1.36383970492071
1.51722721223790
2.56999973220102
0.217229296706323
-1.40883970492071
1.51722721223790
2.56999973220102
0.172229296706326
-1.45383970492071
1.51722721223790
2.56999973220102
0.127229296706328
-1.49883970492071
1.51722721223790
2.56999973220102
0.0822292967063305
-1.54383970492071
1.51722721223790
2.56999973220102
0.0372292967063330
-1.58883970492071
1.51722721223790
2.56999973220102
-0.00777070329366479
-1.63383970492071
1.51722721223790
2.56999973220102
-0.0527707032936623
-1.67883970492071
1.51722721223790
2.56999973220102
-0.0977707032936599
-1.72383970492071
1.51722721223790
2.76000010729357
0.263857202822355
-1.36101438419613
1.70108439339036
2.76000010729357
0.218926591314484
-1.40581343047538
1.70533238732507
2.76000010729357
0.173995979806613
-1.45061247675463
1.70958038125978
2.76000010729357
0.129085141136132
-1.49541152303389
1.71382837519449
2.76000010729357
0.0841392417090861
-1.54021056931314
1.71807636912920
2.76000010729357
0.0391933422820399
-1.58500961559239
1.72232436306391
2.76000010729357
-0.00575255714500619
-1.62980866187165
1.72657235699861
2.76000010729357
-0.0506717151989437
-1.67460770815090
1.73082035093332
2.76000010729357
-0.0956319548359241
-1.71940675443015
1.73506834486803
2.92999957593465
0.283097574376669
-1.32908299247814
1.82129763313336
2.92999957593465
0.240208161166726
-1.36781840541006
1.84420107796145
2.92999957593465
0.196917345250163
-1.40655381834198
1.86710452278955
2.92999957593465
0.153328178023922
-1.44528923127391
1.89000796761764
2.92999957593465
0.109416384430413
-1.48402464420583
1.91291141244574
2.92999957593465
0.0653252956688164
-1.52276005713775
1.93581485727383
2.92999957593465
0.0210951439612820
-1.56149547006967
1.95871830210193
2.92999957593465
-0.0232277718371959
-1.60023088300159
1.98162174693002
2.92999957593465
-0.0677621326953606
-1.63896629593351
2.00452519175811
3.80000023448358
0.294940037103654
-1.26621119532794
1.88307093444844
3.80000023448358
0.280379549601686
-1.28320568349172
1.92473851623634
3.80000023448358
0.236525155498849
-1.30020017165550
1.96640609802423
3.80000023448358
0.191869427478957
-1.31719465981928
2.00807367981213
3.80000023448358
0.147036720407347
-1.33418914798306
2.04974126160003
3.80000023448358
0.102081335253561
-1.35118363614683
2.09140884338793
3.80000023448358
0.0572437204790569
-1.36817812431061
2.13307642517583
3.80000023448358
0.0122462168134791
-1.38517261247439
2.17474400696372
3.80000023448358
-0.0327512868520988
-1.40216710063817
2.21641158875162
3.85000004673004
0.227213102448742
-1.19552899244438
1.88797299767151
3.85000004673004
0.196578228323687
-1.17956522717714
1.93004624568604
3.85000004673004
0.162115106249779
-1.16360146190990
1.97211949370057
3.85000004673004
0.124614064254741
-1.14763769664266
2.01419274171511
3.85000004673004
0.0849543021249896
-1.13167393137542
2.05626598972964
3.85000004673004
0.0438720641028190
-1.11571016610818
2.09833923774417
3.85000004673004
0.00169633726965419
-1.09974640084094
2.14041248575871
3.85000004673004
-0.0410236762753556
-1.08378263557370
2.18248573377324
3.85000004673004
-0.0842760466138438
-1.06781887030646
2.22455898178777
3.94999980708489
0.176156933210600
-1.13080279719867
1.83491074356074
3.94999980708489
0.134159113154472
-1.09206122889544
1.85780377493289
3.94999980708489
0.0916742630154964
-1.05331966059221
1.88069680630504
3.94999980708489
0.0488605596481941
-1.01457809228898
1.90358983767719
3.94999980708489
0.00560679010448322
-0.975836523985752
1.92648286904934
3.94999980708489
-0.0378451367481156
-0.937094955682522
1.94937590042149
3.94999980708489
-0.0815236158188287
-0.898353387379293
1.97226893179364
3.94999980708489
-0.125389420268068
-0.859611819076063
1.99516196316579
3.94999980708489
-0.169288825621411
-0.820870250772834
2.01805499453794
4.09000029870850
0.151940448588351
-1.09935755023179
1.72352468108383
4.09000029870850
0.106999404079840
-1.05440368631883
1.72556186524212
4.09000029870850
0.0620204139452540
-1.00944982240587
1.72759904940042
4.09000029870850
0.0170633631610932
-0.964495958492905
1.72963623355871
4.09000029870850
-0.0278936876230674
-0.919542094579942
1.73167341771701
4.09000029870850
-0.0728507384072281
-0.874588230666979
1.73371060187531
4.09000029870850
-0.117807789191389
-0.829634366754017
1.73574778603360
4.09000029870850
-0.162764839975550
-0.784680502841054
1.73778497019190
4.09000029870850
-0.207771920096003
-0.739726638928091
1.73982215435019
4.28000029870850
0.151258893036114
-1.09867989265038
1.53123561313120
4.28000029870850
0.106258893036117
-1.05367989265038
1.53123561313120
4.28000029870850
0.0612588930361193
-1.00867989265038
1.53123561313120
4.28000029870850
0.0162588930361217
-0.963679892650378
1.53123561313120
4.28000029870850
-0.0287411069638759
-0.918679892650378
1.53123561313120
4.28000029870850
-0.0737411069638735
-0.873679892650378
1.53123561313120
4.28000029870850
-0.118741106963871
-0.828679892650378
1.53123561313120
4.28000029870850
-0.163741106963869
-0.783679892650378
1.53123561313120
4.28000029870850
-0.208741106963866
-0.738679892650378
1.53123561313120
4.48000031120849
0.151226850170736
-1.09862094014359
1.32988605025250
4.48000031120849
0.106227399003496
-1.05362235833667
1.33024331117438
4.48000031120849
0.0612279478362563
-1.00862377652976
1.33060057209626
4.48000031120849
0.0162284966690165
-0.963625194722842
1.33095783301814
4.48000031120849
-0.0287709544982234
-0.918626612915926
1.33131509394002
4.48000031120849
-0.0737704056654632
-0.873628031109010
1.33167235486189
4.48000031120849
-0.118769856832703
-0.828629449302094
1.33202961578377
4.48000031120849
-0.163769307999943
-0.783630867495178
1.33238687670565
4.48000031120849
-0.208768759167183
-0.738632285688262
1.33274413762753
4.71000010724830
0.136303446733374
-1.06763361260245
1.08272898720234
4.71000010724830
0.0917741962683053
-1.02467183790583
1.09611875624129
4.71000010724830
0.0472121279512396
-0.981710063209201
1.10950852528024
4.71000010724830
0.00278078002042272
-0.938748288512576
1.12289829431919
4.71000010724830
-0.0416101756811550
-0.895786513815951
1.13628806335814
4.71000010724830
-0.0859417429553394
-0.852824739119326
1.14967783239709
4.71000010724830
-0.130198035218874
-0.809862964422701
1.16306760143604
4.71000010724830
-0.174367983869490
-0.766901189726076
1.17645737047499
4.71000010724830
-0.218442425817462
-0.723939415029451
1.18984713951394
4.94999995640189
0.0790137837836726
-0.910377081498391
0.835527250175402
4.94999995640189
0.0355339484160810
-0.881452442847001
0.869999924555069
4.94999995640189
-0.00764536738680559
-0.852527804195612
0.904472598934736
4.94999995640189
-0.0502893651855738
-0.823603165544222
0.938945273314403
4.94999995640189
-0.0923993359992830
-0.794678526892833
0.973417947694070
4.94999995640189
-0.133745554430469
-0.765753888241443
1.00789062207374
4.94999995640189
-0.174023180900929
-0.736829249590054
1.04236329645340
4.94999995640189
-0.213015659935679
-0.707904610938664
1.07683597083307
4.94999995640189
-0.250304480494095
-0.678979972287274
1.11130864521274
5.23000010922008
0.0185688566822001
-0.614393508129567
0.725974092044779
5.23000010922008
-0.0263678574642052
-0.615416951855614
0.770962452349858
5.23000010922008
-0.0710216888369608
-0.616440395581660
0.815950812654937
5.23000010922008
-0.115637993960990
-0.617463839307707
0.860939172960016
5.23000010922008
-0.159939250201984
-0.618487283033754
0.905927533265095
5.23000010922008
-0.203370074742300
-0.619510726759801
0.950915893570174
5.23000010922008
-0.243580451093132
-0.620534170485847
0.995904253875253
5.23000010922008
-0.275329634596349
-0.621557614211894
1.04089261418033
5.23000010922008
-0.296275027065461
-0.622581057937941
1.08588097448541
5.52000019796928
0.0522477003602380
-0.320483433773722
0.843567502129013
5.52000019796928
0.00810817346355878
-0.351168453436623
0.876482993440664
5.52000019796928
-0.0357971551110617
-0.381853473099524
0.909398484752315
5.52000019796928
-0.0794821435098086
-0.412538492762425
0.942313976063966
5.52000019796928
-0.122556404844435
-0.443223512425326
0.975229467375618
5.52000019796928
-0.165075121609630
-0.473908532088227
1.00814495868727
5.52000019796928
-0.206675865718484
-0.504593551751128
1.04106044999892
5.52000019796928
-0.246971386982533
-0.535278571414029
1.07397594131057
5.52000019796928
-0.285548097308535
-0.565963591076930
1.10689143262222
5.77999977711178
0.104178879627135
-0.172039450466610
1.09886638215726
5.77999977711178
0.0594874422340804
-0.215810278173060
1.10931217757418
5.77999977711178
0.0147831406425290
-0.259581105879511
1.11975797299111
5.77999977711178
-0.0298361326361032
-0.303351933585961
1.13020376840803
5.77999977711178
-0.0744423640475345
-0.347122761292412
1.14064956382495
5.77999977711178
-0.119002101335376
-0.390893588998863
1.15109535924188
5.77999977711178
-0.163496991041151
-0.434664416705313
1.16154115465880
5.77999977711178
-0.207912672945546
-0.478435244411764
1.17198695007572
5.77999977711178
-0.252238752584094
-0.522206072118214
1.18243274549265
6.00999974364286
0.115253921246988
-0.153520080380048
1.33722721223790
6.00999974364286
0.0702539212469907
-0.198520080380048
1.33722721223790
6.00999974364286
0.0252539212469931
-0.243520080380048
1.33722721223790
6.00999974364286
-0.0197460787530046
-0.288520080380048
1.33722721223790
6.00999974364286
-0.0647460787530022
-0.333520080380048
1.33722721223790
6.00999974364286
-0.109746078753000
-0.378520080380048
1.33722721223790
6.00999974364286
-0.154746078752997
-0.423520080380048
1.33722721223790
6.00999974364286
-0.199746078752995
-0.468520080380048
1.33722721223790
6.00999974364286
-0.244746078752993
-0.513520080380048
1.33722721223790
6.20999988676902
0.114547778925765
-0.153520080380048
1.53722721223790
6.20999988676902
0.0695604807735877
-0.198520080380048
1.53722721223790
6.20999988676902
0.0245731826214100
-0.243520080380048
1.53722721223790
6.20999988676902
-0.0204355678601626
-0.288520080380048
1.53722721223790
6.20999988676902
-0.0654267469571800
-0.333520080380048
1.53722721223790
6.20999988676902
-0.110417926054197
-0.378520080380048
1.53722721223790
6.20999988676902
-0.155409105151215
-0.423520080380048
1.53722721223790
6.20999988676902
-0.200400284248232
-0.468520080380048
1.53722721223790
6.20999988676902
-0.245391463345250
-0.513520080380048
1.53722721223790
6.39999963508129
0.104545361795158
-0.149225016892980
1.71585416962250
6.39999963508129
0.0595860413283314
-0.193874602867504
1.72145903111085
6.39999963508129
0.0146267208615044
-0.238524188842029
1.72706389259920
6.39999963508129
-0.0303325996053225
-0.283173774816553
1.73266875408754
6.39999963508129
-0.0752919200721495
-0.327823360791077
1.73827361557589
6.39999963508129
-0.120327741032349
-0.372472946765602
1.74387847706424
6.39999963508129
-0.165305099309610
-0.417122532740126
1.74948333855259
6.39999963508129
-0.210282457586871
-0.461772118714650
1.75508820004093
6.39999963508129
-0.255259815864132
-0.506421704689175
1.76069306152928
6.53999944498381
0.110841554260220
-0.113560040747977
1.83009033690108
6.53999944498381
0.0670311246229649
-0.150913830850614
1.85518404856293
6.53999944498381
0.0230464279253741
-0.188267620953251
1.88027776022478
6.53999944498381
-0.0210789081802849
-0.225621411055888
1.90537147188663
6.53999944498381
-0.0653094534209901
-0.262975201158525
1.93046518354848
6.53999944498381
-0.109606299389466
-0.300328991261162
1.95555889521033
6.53999944498381
-0.154097378320287
-0.337682781363800
1.98065260687218
6.53999944498381
-0.198532968116403
-0.375036571466437
2.00574631853403
6.53999944498381
-0.243138308319048
-0.412390361569074
2.03084003019589
6.65999979579900
0.150623103569465
-0.0402681896546969
1.89139063716281
6.65999979579900
0.113551889358586
-0.0567128939468486
1.93327824512440
6.65999979579900
0.0748891870297834
-0.0731575982390002
1.97516585308599
6.65999979579900
0.0349132136244453
-0.0896023025311519
2.01705346104758
6.65999979579900
-0.00601412513077561
-0.106047006823304
2.05894106900917
6.65999979579900
-0.0476460664626641
-0.122491711115455
2.10082867697075
6.65999979579900
-0.0899305467700794
-0.138936415407607
2.14271628493234
6.65999979579900
-0.132611898463559
-0.155381119699759
2.18460389289393
6.65999979579900
-0.175616845640196
-0.171825823991910
2.22649150085552
6.84999952647075
0.235876175879587
0.0937071318578496
1.91106691715860
6.84999952647075
0.197367229123200
0.0937071318578496
1.95606691715860
6.84999952647075
0.157278500438332
0.0937071318578496
2.00106691715860
6.84999952647075
0.116165117217768
0.0937071318578496
2.04606691715860
6.84999952647075
0.0743773860898263
0.0937071318578496
2.09106691715860
6.84999952647075
0.0320960826562091
0.0937071318578496
2.13606691715860
6.84999952647075
-0.0105203370175095
0.0937071318578496
2.18106691715860
6.84999952647075
-0.0535352619203411
0.0937071318578496
2.22606691715860
6.84999952647075
-0.0967685658097544
0.0937071318578496
2.27106691715860
7.16999978780518
0.293849625526695
0.293707131857850
1.91106691715860
7.16999978780518
0.249031182544823
0.293707131857850
1.95606691715860
7.16999978780518
0.204146983624013
0.293707131857850
2.00106691715860
7.16999978780518
0.159262784703204
0.293707131857850
2.04606691715860
7.16999978780518
0.114398915847727
0.293707131857850
2.09106691715860
7.16999978780518
0.0694874988692365
0.293707131857850
2.13606691715860
7.16999978780518
0.0245760818907467
0.293707131857850
2.18106691715860
7.16999978780518
-0.0203063914050862
0.293707131857850
2.22606691715860
7.16999978780518
-0.0652405153014222
0.293707131857850
2.27106691715860
7.39999956637824
0.297122082841395
0.493707131857850
1.91106691715860
7.39999956637824
0.252122082841396
0.493707131857850
1.95606691715860
7.39999956637824
0.207122082841396
0.493707131857850
2.00106691715860
7.39999956637824
0.162122082841396
0.493707131857850
2.04606691715860
7.39999956637824
0.117122082841396
0.493707131857850
2.09106691715860
7.39999956637824
0.0721220828413953
0.493707131857850
2.13606691715860
7.39999956637824
0.0271220828413954
0.493707131857850
2.18106691715860
7.39999956637824
-0.0178779171586045
0.493707131857850
2.22606691715860
7.39999956637824
-0.0628779171586045
0.493707131857850
2.27106691715860
7.59999956637824
0.297122082841395
0.693707131857850
1.91106691715860
7.59999956637824
0.252122082841396
0.693707131857850
1.95606691715860
7.59999956637824
0.207122082841396
0.693707131857850
2.00106691715860
7.59999956637824
0.162122082841396
0.693707131857850
2.04606691715860
7.59999956637824
0.117122082841396
0.693707131857850
2.09106691715860
7.59999956637824
0.0721220828413953
0.693707131857850
2.13606691715860
7.59999956637824
0.0271220828413954
0.693707131857850
2.18106691715860
7.59999956637824
-0.0178779171586045
0.693707131857850
2.22606691715860
7.59999956637824
-0.0628779171586045
0.693707131857850
2.27106691715860
7.80000047635962
0.296744354807694
0.893707131857850
1.91106691715860
7.80000047635962
0.251751347213521
0.893707131857850
1.95606691715860
7.80000047635962
0.206758339619348
0.893707131857850
2.00106691715860
7.80000047635962
0.161765332025175
0.893707131857850
2.04606691715860
7.80000047635962
0.116772324431002
0.893707131857850
2.09106691715860
7.80000047635962
0.0717793168368292
0.893707131857850
2.13606691715860
7.80000047635962
0.0267863092426563
0.893707131857850
2.18106691715860
7.80000047635962
-0.0182066983515165
0.893707131857850
2.22606691715860
7.80000047635962
-0.0632213409716829
0.893707131857850
2.27106691715860
8.07000008776686
0.276819497696001
1.08209123401598
1.90935871977038
8.07000008776686
0.232823104408116
1.08515561680175
1.95425426028547
8.07000008776686
0.188646946551081
1.08821999958752
1.99914980080056
8.07000008776686
0.144312828602377
1.09128438237328
2.04404534131565
8.07000008776686
0.0998595943711566
1.09434876515905
2.08894088183075
8.07000008776686
0.0553220530313683
1.09741314794482
2.13383642234584
8.07000008776686
0.0107934349814764
1.10047753073059
2.17873196286093
8.07000008776686
-0.0338855592248644
1.10354191351635
2.22362750337602
8.07000008776686
-0.0785793115310883
1.10660629630212
2.26852304389111
8.38000031312843
0.227981747946320
1.20769581770967
1.88121033177440
8.38000031312843
0.188198665274417
1.22857704933351
1.92107227058664
8.38000031312843
0.146049517223651
1.24945828095735
1.96093420939889
8.38000031312843
0.102908703651620
1.27033951258120
2.00079614821114
8.38000031312843
0.0592853200734282
1.29122074420504
2.04065808702339
8.38000031312843
0.0153064655494099
1.31210197582888
2.08052002583564
8.38000031312843
-0.0289274605228542
1.33298320745273
2.12038196464788
8.38000031312843
-0.0733259920641595
1.35386443907657
2.16024390346013
8.38000031312843
-0.117701399095535
1.37474567070041
2.20010584227238
8.62000006616052
0.162492951420567
1.27358301817783
1.82128393795621
8.62000006616052
0.127551801613539
1.31421934848697
1.84061496635634
8.62000006616052
0.0880705922757522
1.35485567879611
1.85994599475647
8.62000006616052
0.0462167482343278
1.39549200910525
1.87927702315659
8.62000006616052
0.00343407493350319
1.43612833941439
1.89860805155672
8.62000006616052
-0.0399928140976469
1.47676466972353
1.91793907995685
8.62000006616052
-0.0838753935902965
1.51740100003267
1.93727010835698
8.62000006616052
-0.128034646581532
1.55803733034180
1.95660113675710
8.62000006616052
-0.172173842764677
1.59867366065094
1.97593216515723
8.72000019337752
0.119275977147386
1.28235031409303
1.75268253266769
8.72000019337752
0.0769847157790303
1.32512323071694
1.73870120213430
8.72000019337752
0.0337723562481721
1.36789614734085
1.72471987160092
8.72000019337752
-0.00986451922092957
1.41066906396476
1.71073854106753
8.72000019337752
-0.0538734681481484
1.45344198058868
1.69675721053414
8.72000019337752
-0.0981170362421006
1.49621489721259
1.68277588000075
8.72000019337752
-0.142411083136072
1.53898781383650
1.66879454946736
8.72000019337752
-0.186983240185702
1.58176073046041
1.65481321893397
8.72000019337752
-0.231520231188048
1.62453364708432
1.64083188840058
8.82999962820743
0.101362579411817
1.23319011935629
1.68750669729562
8.82999962820743
0.0563679183932882
1.25741454295504
1.64958338914208
8.82999962820743
0.0113732573747599
1.28163896655380
1.61166008098855
8.82999962820743
-0.0336214036437685
1.30586339015255
1.57373677283501
8.82999962820743
-0.0786160646622967
1.33008781375131
1.53581346468148
8.82999962820743
-0.123610725680825
1.35431223735006
1.49789015652794
8.82999962820743
-0.168605386699354
1.37853666094882
1.45996684837440
8.82999962820743
-0.213600047717882
1.40276108454757
1.42204354022087
8.82999962820743
-0.258594708736410
1.42698550814633
1.38412023206733
8.98000026587225
0.110765157458252
1.12372528960439
1.65287947806780
8.98000026587225
0.0663500134318478
1.12708183843343
1.60800483511704
8.98000026587225
0.0218612252234297
1.13043838726246
1.56313019216628
8.98000026587225
-0.0227664133024114
1.13379493609150
1.51825554921552
8.98000026587225
-0.0673771545646999
1.13715148492053
1.47338090626476
8.98000026587225
-0.112092318529056
1.14050803374957
1.42850626331400
8.98000026587225
-0.156764452792759
1.14386458257860
1.38363162036324
8.98000026587225
-0.201553341636057
1.14722113140764
1.33875697741248
8.98000026587225
-0.246342230479354
1.15057768023668
1.29388233446171
9.19999976654655
0.125830153504789
0.936462142318454
1.65126015262036
9.19999976654655
0.0808301535047914
0.936462142318454
1.60626015262036
9.19999976654655
0.0358301535047941
0.936462142318454
1.56126015262036
9.19999976654655
-0.00916984649520333
0.936462142318454
1.51626015262036
9.19999976654655
-0.0541698464952006
0.936462142318454
1.47126015262036
9.19999976654655
-0.0991698464951978
0.936462142318454
1.42626015262036
9.19999976654655
-0.144169846495195
0.936462142318454
1.38126015262036
9.19999976654655
-0.189169846495192
0.936462142318454
1.33626015262036
9.19999976654655
-0.234169846495190
0.936462142318454
1.29126015262036
9.39000022791590
0.126550615532651
0.736462142318454
1.65126015262036
9.39000022791590
0.0815399478121094
0.736462142318454
1.60626015262036
9.39000022791590
0.0365562688135928
0.736462142318454
1.56126015262036
9.39000022791590
-0.00842741018492408
0.736462142318454
1.51626015262036
9.39000022791590
-0.0534110891834407
0.736462142318454
1.47126015262036
9.39000022791590
-0.0983947681819573
0.736462142318454
1.42626015262036
9.39000022791590
-0.143378447180474
0.736462142318454
1.38126015262036
9.39000022791590
-0.188362126178991
0.736462142318454
1.33626015262036
9.39000022791590
-0.233345805177507
0.736462142318454
1.29126015262036
9.60999977963095
0.132432606085535
0.497540197036302
1.63071729431713
9.60999977963095
0.0874332350903788
0.508132069207440
1.58698158529223
9.60999977963095
0.0424338640952224
0.518723941378579
1.54324587626734
9.60999977963095
-0.00256550689993414
0.529315813549718
1.49951016724244
9.60999977963095
-0.0475648778950905
0.539907685720856
1.45577445821755
9.60999977963095
-0.0925642488902471
0.550499557891995
1.41203874919265
9.60999977963095
-0.137563619885403
0.561091430063133
1.36830304016776
9.60999977963095
-0.182507721389932
0.571683302234272
1.32456733114286
9.60999977963095
-0.227505519001060
0.582275174405411
1.28083162211797
9.83999941968317
0.122071119863625
0.242154777830690
1.49499709094195
9.83999941968317
0.0771429244109520
0.273920625486099
1.46312341963265
9.83999941968317
0.0324269002792914
0.305686473141509
1.43124974832335
9.83999941968317
-0.0124183979283072
0.337452320796918
1.39937607701405
9.83999941968317
-0.0571127750943785
0.369218168452328
1.36750240570475
9.83999941968317
-0.101846220044818
0.400984016107738
1.33562873439545
9.83999941968317
-0.146371122063974
0.432749863763147
1.30375506308615
9.83999941968317
-0.190675172641458
0.464515711418557
1.27188139177685
9.83999941968317
-0.234759628867366
0.496281559073966
1.24000772046755
10.0799997743216
0.104600223373036
0.106216199272167
1.21073753816826
10.0799997743216
0.0598847951614381
0.151106805059027
1.20760169504580
10.0799997743216
0.0149057046099995
0.195997410845887
1.20446585192333
10.0799997743216
-0.0300733859414391
0.240888016632747
1.20133000880086
10.0799997743216
-0.0750524764928778
0.285778622419607
1.19819416567839
10.0799997743216
-0.119880265187710
0.330669228206467
1.19505832255592
10.0799997743216
-0.164686718887056
0.375559833993327
1.19192247943346
10.0799997743216
-0.209226716874446
0.420450439780187
1.18878663631099
10.0799997743216
-0.252458459869874
0.465341045567047
1.18565079318852
10.3100001424738
0.117072393297847
0.199688459633312
0.905415266130603
10.3100001424738
0.0721803324400660
0.234772474387494
0.933595257413929
10.3100001424738
0.0271657781998688
0.269856489141676
0.961775248697256
10.3100001424738
-0.0176153962539324
0.304940503895858
0.989955239980582
10.3100001424738
-0.0623965707077335
0.340024518650040
1.01813523126391
10.3100001424738
-0.107170706935782
0.375108533404221
1.04631522254723
10.3100001424738
-0.151814180370257
0.410192548158403
1.07449521383056
10.3100001424738
-0.196223262455770
0.445276562912585
1.10267520511389
10.3100001424738
-0.240272434715272
0.480360577666767
1.13085519639721
10.5399998625770
0.133317444743721
0.447103743459760
0.739198481839968
10.5399998625770
0.0883239400141520
0.459968176269159
0.782320475862653
10.5399998625770
0.0433304352845834
0.472832609078559
0.825442469885337
10.5399998625770
-0.00166306944498516
0.485697041887959
0.868564463908022
10.5399998625770
-0.0467271171746835
0.498561474697358
0.911686457930706
10.5399998625770
-0.0916993843943330
0.511425907506758
0.954808451953391
10.5399998625770
-0.136671651613982
0.524290340316157
0.997930445976075
10.5399998625770
-0.181643918833632
0.537154773125557
1.04105243999876
10.5399998625770
-0.226616186053281
0.550019205934957
1.08417443402144
10.7599995360702
0.131218611917880
0.693707131857849
0.711453388082120
10.7599995360702
0.0862186119178795
0.693707131857849
0.756453388082121
10.7599995360702
0.0412186119178796
0.693707131857849
0.801453388082120
10.7599995360702
-0.00378138808212047
0.693707131857849
0.846453388082121
10.7599995360702
-0.0487813880821205
0.693707131857849
0.891453388082121
10.7599995360702
-0.0937813880821204
0.693707131857849
0.936453388082120
10.7599995360702
-0.138781388082120
0.693707131857849
0.981453388082121
10.7599995360702
-0.183781388082121
0.693707131857849
1.02645338808212
10.7599995360702
-0.228781388082120
0.693707131857849
1.07145338808212
10.9599995485702
0.131211278020876
0.893707131857849
0.711453388082120
10.9599995485702
0.0862114722372266
0.893707131857849
0.756453388082121
10.9599995485702
0.0412116664535769
0.893707131857849
0.801453388082120
10.9599995485702
-0.00378813933007281
0.893707131857849
0.846453388082121
10.9599995485702
-0.0487879451137226
0.893707131857849
0.891453388082121
10.9599995485702
-0.0937877508973722
0.893707131857849
0.936453388082120
10.9599995485702
-0.138787556681022
0.893707131857849
0.981453388082121
10.9599995485702
-0.183787362464672
0.893707131857849
1.02645338808212
10.9599995485702
-0.228787168248321
0.893707131857849
1.07145338808212
11.1599999050104
0.124025157621313
1.08209123401598
0.709745190693893
11.1599999050104
0.0791261430235334
1.08515561680175
0.754640731208985
11.1599999050104
0.0341684504045097
1.08821999958751
0.799536271724078
11.1599999050104
-0.0107616516853485
1.09128438237328
0.844431812239170
11.1599999050104
-0.0556917537752068
1.09434876515905
0.889327352754262
11.1599999050104
-0.100621855865065
1.09741314794482
0.934222893269354
11.1599999050104
-0.145551957954923
1.10047753073058
0.979118433784447
11.1599999050104
-0.190556574229514
1.10354191351635
1.02401397429954
11.1599999050104
-0.235511078379491
1.10660629630212
1.06890951481463
11.3200002116660
0.121841911295061
1.20769581770966
0.681596802697913
11.3200002116660
0.0770692931950013
1.22857704933351
0.721458741510161
11.3200002116660
0.0323039722568079
1.24945828095735
0.761320680322409
11.3200002116660
-0.0125485503921479
1.27033951258120
0.801182619134657
11.3200002116660
-0.0573343590050190
1.29122074420504
0.841044557946905
11.3200002116660
-0.102250924802011
1.31210197582888
0.880906496759153
11.3200002116660
-0.147167490599002
1.33298320745273
0.920768435571401
11.3200002116660
-0.192084056395994
1.35386443907657
0.960630374383649
11.3200002116660
-0.236889327615851
1.37474567070041
1.00049231319590
11.4400000235951
0.143286646323499
1.27358301817783
0.621670408879726
11.4400000235951
0.102738952308633
1.31421934848697
0.641001437279854
11.4400000235951
0.0609741900558033
1.35485567879611
0.660332465679982
11.4400000235951
0.0184534365999251
1.39549200910525
0.679663494080110
11.4400000235951
-0.0247146544970392
1.43612833941439
0.698994522480238
11.4400000235951
-0.0682413376301442
1.47676466972353
0.718325550880366
11.4400000235951
-0.112019298874466
1.51740100003266
0.737656579280494
11.4400000235951
-0.155929839032781
1.55803733034180
0.756987607680622
11.4400000235951
-0.200278207996098
1.59867366065094
0.776318636080749
11.5400003276188
0.186782000565450
1.28235031409303
0.553069003591210
11.5400003276188
0.157149302275335
1.32512323071694
0.539087673057822
11.5400003276188
0.120977504153256
1.36789614734085
0.525106342524433
11.5400003276188
0.0811285906777862
1.41066906396476
0.511125011991044
11.5400003276188
0.0393515789768038
1.45344198058868
0.497143681457655
11.5400003276188
-0.00342970075052293
1.49621489721259
0.483162350924267
11.5400003276188
-0.0469109573718736
1.53898781383650
0.469181020390878
11.5400003276188
-0.0907036163882766
1.58176073046041
0.455199689857489
11.5400003276188
-0.134955766272878
1.62453364708432
0.441218359324101
11.8399997847069
0.258297264691260
1.23319011935629
0.487893168219136
11.8399997847069
0.217033141671394
1.25741454295504
0.449969860065600
11.8399997847069
0.173571513724260
1.28163896655380
0.412046551912064
11.8399997847069
0.129407078556612
1.30586339015255
0.374123243758528
11.8399997847069
0.0849925460551083
1.33008781375131
0.336199935604992
11.8399997847069
0.0404371185093500
1.35431223735006
0.298276627451456
11.8399997847069
-0.00415948849452068
1.37853666094882
0.260353319297920
11.8399997847069
-0.0489875973429109
1.40276108454757
0.222430011144384
11.8399997847069
-0.0938157061913009
1.42698550814633
0.184506702990848
12.2100004064061
0.283700831869783
1.12372528960439
0.453265948991320
12.2100004064061
0.239080345904564
1.12708183843342
0.408391306040559
12.2100004064061
0.194395068743651
1.13043838726246
0.363516663089798
12.2100004064061
0.149606179900354
1.13379493609150
0.318642020139037
12.2100004064061
0.104830826896458
1.13715148492053
0.273767377188275
12.2100004064061
0.0599810104548677
1.14050803374957
0.228892734237514
12.2100004064061
0.0151706596889525
1.14386458257860
0.184018091286753
12.2100004064061
-0.0297282811464481
1.14722113140764
0.139143448335992
12.2100004064061
-0.0746272219818485
1.15057768023667
0.0942688053852306
12.4599997877274
0.291499286674990
0.936204665779883
0.451419091112272
12.4599997877274
0.246499344363962
0.936272866936175
0.406419142794499
12.4599997877274
0.201499402052935
0.936341068092467
0.361419194476726
12.4599997877274
0.156499459741907
0.936409269248759
0.316419246158952
12.4599997877274
0.111499517430879
0.936477470405051
0.271419297841179
12.4599997877274
0.0664995751198517
0.936545671561342
0.226419349523405
12.4599997877274
0.0214996328088240
0.936613872717634
0.181419401205632
12.4599997877274
-0.0235003095022036
0.936682073873926
0.136419452887858
12.4599997877274
-0.0685002518132313
0.936750275030218
0.0914195045700849
12.6599997885774
0.291179170445654
0.736204895478668
0.451115974862087
12.6599997885774
0.246179228134626
0.736273096634959
0.406116026544314
12.6599997885774
0.201179285823598
0.736341297791251
0.361116078226540
12.6599997885774
0.156179343512571
0.736409498947543
0.316116129908767
12.6599997885774
0.111179401201543
0.736477700103835
0.271116181590993
12.6599997885774
0.0661794588905151
0.736545901260127
0.226116233273220
12.6599997885774
0.0211795165794874
0.736614102416418
0.181116284955446
12.6599997885774
-0.0238204257315402
0.736682303572710
0.136116336637673
12.6599997885774
-0.0688203680425679
0.736750504729002
0.0911163883198994
12.8599997894274
0.290859054216317
0.536205125177452
0.450812858611902
12.8599997894274
0.245859111905289
0.536273326333744
0.405812910294128
12.8599997894274
0.200859169594262
0.536341527490036
0.360812961976355
12.8599997894274
0.155859227283234
0.536409728646327
0.315813013658581
12.8599997894274
0.110859284972206
0.536477929802619
0.270813065340808
12.8599997894274
0.0658593426611785
0.536546130958911
0.225813117023034
12.8599997894274
0.0208594003501508
0.536614332115203
0.180813168705261
12.8599997894274
-0.0241405419608769
0.536682533271494
0.135813220387487
12.8599997894274
-0.0691404842719045
0.536750734427786
0.0908132720697140
13.0599997902774
0.290538937986980
0.336205354876236
0.450509742361716
13.0599997902774
0.245538995675953
0.336273556032528
0.405509794043943
13.0599997902774
0.200539053364925
0.336341757188820
0.360509845726169
13.0599997902774
0.155539111053897
0.336409958345112
0.315509897408396
13.0599997902774
0.110539168742870
0.336478159501403
0.270509949090622
13.0599997902774
0.0655392264318419
0.336546360657695
0.225510000772849
13.0599997902774
0.0205392841208142
0.336614561813987
0.180510052455075
13.0599997902774
-0.0244606581902135
0.336682762970279
0.135510104137302
13.0599997902774
-0.0694606005012412
0.336750964126570
0.0905101558195286
13.2599997911774
0.290217821757647
0.136205584575021
0.450206626111531
13.2599997911774
0.245217879446620
0.136273785731313
0.405206677793757
13.2599997911774
0.200217937135592
0.136341986887604
0.360206729475984
13.2599997911774
0.155217994824564
0.136410188043896
0.315206781158210
13.2599997911774
0.110218052513537
0.136478389200188
0.270206832840437
13.2599997911774
0.0652181102025089
0.136546590356480
0.225206884522664
13.2599997911774
0.0202181678914812
0.136614791512771
0.180206936204890
13.2599997911774
-0.0247817744195464
0.136682992669063
0.135206987887117
13.2599997911774
-0.0697817167305741
0.136751193825355
0.0902070395693432
13.2599997911774
-0.0697817167305741
0.136751193825355
0.0902070395693432